   110541	2026-04-01 06:37:10	1	1	15	0
   110541	2026-04-01 06:37:12	1	1	15	0
   110441	2026-04-01 06:55:25	1	1	15	0
   110422	2026-04-01 07:00:03	1	1	15	0
   110422	2026-04-01 07:00:05	1	1	15	0
   110046	2026-04-01 07:06:25	1	0	3	0
   110433	2026-04-01 07:07:01	1	0	15	0
   110453	2026-04-01 07:07:51	1	0	15	0
   117022	2026-04-01 07:09:11	1	0	15	0
   117022	2026-04-01 07:09:13	1	0	15	0
   110449	2026-04-01 07:13:42	1	0	15	0
   110018	2026-04-01 07:39:45	1	0	15	0
   118024	2026-04-01 07:51:10	1	0	15	0
   110453	2026-04-01 12:00:44	1	0	15	0
   117022	2026-04-01 12:05:48	1	0	15	0
   117022	2026-04-01 12:05:50	1	0	15	0
   118024	2026-04-01 12:05:56	1	0	15	0
   110018	2026-04-01 12:08:40	1	1	15	0
   110018	2026-04-01 12:08:42	1	1	15	0
   110423	2026-04-01 12:10:24	1	1	15	0
   110449	2026-04-01 12:12:08	1	1	15	0
   110422	2026-04-01 12:12:33	1	1	15	0
   110422	2026-04-01 12:12:35	1	1	15	0
   110455	2026-04-01 12:12:57	1	1	15	0
   110444	2026-04-01 12:13:06	1	1	15	0
   110541	2026-04-01 12:17:50	1	1	15	0
   110433	2026-04-01 12:18:40	1	1	15	0
   110433	2026-04-01 12:18:42	1	1	15	0
   117022	2026-04-01 12:24:06	1	1	15	0
   110441	2026-04-01 12:24:18	1	1	15	0
   110018	2026-04-01 12:27:28	1	0	15	0
   110018	2026-04-01 12:27:30	1	0	15	0
   110420	2026-04-01 12:32:21	1	0	15	0
   110433	2026-04-01 12:33:38	1	0	15	0
   110438	2026-04-01 12:36:55	1	0	15	0
   110438	2026-04-01 12:36:57	1	0	15	0
   110046	2026-04-01 12:37:54	1	1	3	0
   110425	2026-04-01 12:48:13	1	1	15	0
   110425	2026-04-01 12:48:15	1	1	15	0
   110439	2026-04-01 13:00:37	1	1	15	0
   110018	2026-04-01 14:08:29	1	1	15	0
   110420	2026-04-01 17:01:58	1	1	15	0
   110455	2026-04-01 17:02:36	1	1	15	0
   110444	2026-04-01 17:02:43	1	1	15	0
   110423	2026-04-01 17:03:10	1	1	15	0
   110425	2026-04-01 17:09:19	1	1	15	0
   110433	2026-04-01 17:09:27	1	1	15	0
   110433	2026-04-01 17:09:29	1	1	15	0
   110438	2026-04-01 17:21:40	1	1	15	0
   110439	2026-04-01 17:21:45	1	1	15	0
   110046	2026-04-01 17:38:54	1	1	3	0
   110046	2026-04-06 06:28:02	1	0	3	0
   110541	2026-04-06 06:30:19	1	0	15	0
   118024	2026-04-06 06:49:05	1	0	15	0
   110433	2026-04-06 06:51:20	1	0	15	0
   110433	2026-04-06 06:51:22	1	0	15	0
   110714	2026-04-06 07:17:38	1	0	15	0
   110714	2026-04-06 07:17:40	1	0	15	0
   110422	2026-04-06 07:24:10	1	0	15	0
   110422	2026-04-06 07:24:12	1	0	15	0
   117099	2026-04-06 07:25:10	1	0	15	0
   110444	2026-04-06 07:30:53	1	0	15	0
   116137	2026-04-06 07:34:13	1	0	15	0
   117022	2026-04-06 07:36:55	1	0	15	0
   117022	2026-04-06 07:36:57	1	0	15	0
   110453	2026-04-06 07:38:24	1	0	15	0
   110018	2026-04-06 07:39:59	1	0	15	0
   110018	2026-04-06 07:40:01	1	0	15	0
   110329	2026-04-06 07:43:10	1	0	15	0
   110455	2026-04-06 07:44:51	1	0	15	0
   110438	2026-04-06 07:49:10	1	0	15	0
   110423	2026-04-06 07:52:49	1	0	15	0
   110425	2026-04-06 07:57:36	1	0	15	0
   110623	2026-04-06 07:58:54	1	0	15	0
   110441	2026-04-06 08:03:49	1	0	15	0
   118598	2026-04-06 08:10:14	1	0	15	0
   110449	2026-04-06 08:22:13	1	0	15	0
   110420	2026-04-06 08:59:33	1	0	15	0
   110420	2026-04-06 08:59:35	1	0	15	0
   110433	2026-04-06 12:01:27	1	0	15	0
   110433	2026-04-06 12:01:29	1	0	15	0
   110422	2026-04-06 12:01:38	1	0	15	0
   110714	2026-04-06 12:02:54	1	0	15	0
   110714	2026-04-06 12:02:56	1	0	15	0
   110623	2026-04-06 12:03:44	1	0	15	0
   110441	2026-04-06 12:03:50	1	0	15	0
   110420	2026-04-06 12:04:17	1	0	15	0
   110444	2026-04-06 12:05:16	1	0	15	0
   110438	2026-04-06 12:05:52	1	0	15	0
   110541	2026-04-06 12:06:09	1	0	15	0
   110455	2026-04-06 12:06:25	1	0	15	0
   110425	2026-04-06 12:06:45	1	0	15	0
   110623	2026-04-06 12:09:55	1	0	15	0
   110433	2026-04-06 12:14:53	1	0	15	0
   110433	2026-04-06 12:14:55	1	0	15	0
   117022	2026-04-06 12:18:11	1	0	15	0
   117099	2026-04-06 12:19:41	1	0	15	0
   116137	2026-04-06 12:19:47	1	0	15	0
   110714	2026-04-06 12:19:52	1	0	15	0
   110714	2026-04-06 12:19:54	1	0	15	0
   110714	2026-04-06 12:19:56	1	0	15	0
   110453	2026-04-06 12:20:56	1	0	15	0
   110423	2026-04-06 12:24:08	1	0	15	0
   110046	2026-04-06 12:26:28	1	1	3	0
   110444	2026-04-06 12:27:17	1	1	15	0
   110441	2026-04-06 12:27:44	1	1	15	0
   110425	2026-04-06 12:28:00	1	1	15	0
   110425	2026-04-06 12:28:02	1	1	15	0
   117022	2026-04-06 12:28:36	1	1	15	0
   117022	2026-04-06 12:28:41	1	1	15	0
   110422	2026-04-06 12:30:19	1	1	15	0
   110422	2026-04-06 12:30:21	1	1	15	0
   110455	2026-04-06 12:34:00	1	1	15	0
   117099	2026-04-06 12:34:26	1	1	15	0
   117099	2026-04-06 12:34:28	1	1	15	0
   116137	2026-04-06 12:34:35	1	1	15	0
   116137	2026-04-06 12:34:37	1	1	15	0
   110046	2026-04-06 12:40:53	1	0	3	0
   110423	2026-04-06 12:41:30	1	0	15	0
   110018	2026-04-06 12:45:45	1	1	15	0
   110018	2026-04-06 12:45:46	1	1	15	0
   110018	2026-04-06 12:49:10	1	0	15	0
   110541	2026-04-06 12:51:16	1	0	15	0
   110453	2026-04-06 12:52:36	1	0	15	0
   110453	2026-04-06 12:52:38	1	0	15	0
   110438	2026-04-06 12:52:40	1	0	15	0
   118024	2026-04-06 12:53:51	1	0	15	0
   118598	2026-04-06 12:54:46	1	1	15	0
   118024	2026-04-06 12:55:20	1	1	15	0
   110423	2026-04-06 17:02:21	1	1	15	0
   110623	2026-04-06 17:03:50	1	1	15	0
   110444	2026-04-06 17:04:44	1	1	15	0
   110449	2026-04-06 17:04:54	1	1	15	0
   110441	2026-04-06 17:05:04	1	1	15	0
   110455	2026-04-06 17:05:27	1	1	15	0
   110422	2026-04-06 17:05:34	1	1	15	0
   110422	2026-04-06 17:05:36	1	1	15	0
   110420	2026-04-06 17:07:29	1	1	15	0
   110420	2026-04-06 17:07:31	1	1	15	0
   110425	2026-04-06 17:07:54	1	1	15	0
   110433	2026-04-06 17:12:29	1	1	15	0
   110433	2026-04-06 17:12:31	1	1	15	0
   110714	2026-04-06 17:13:53	1	1	15	0
   110714	2026-04-06 17:13:55	1	1	15	0
   117099	2026-04-06 17:14:00	1	1	15	0
   117099	2026-04-06 17:14:02	1	1	15	0
   116137	2026-04-06 17:14:25	1	1	15	0
   110453	2026-04-06 17:18:22	1	1	15	0
   110438	2026-04-06 17:19:23	1	1	15	0
   110329	2026-04-06 17:21:31	1	1	15	0
   110329	2026-04-06 17:21:33	1	1	15	0
   118024	2026-04-06 17:29:15	1	1	15	0
   117022	2026-04-06 17:29:22	1	1	15	0
   116137	2026-04-06 17:36:43	1	1	15	0
   110018	2026-04-06 17:41:12	1	1	15	0
   118598	2026-04-06 18:02:54	1	1	15	0
   118598	2026-04-06 18:02:56	1	1	15	0
   110046	2026-04-06 18:30:21	1	1	3	0
   110423	2026-04-07 06:37:02	1	1	15	0
   110046	2026-04-07 06:55:10	1	0	3	0
   118024	2026-04-07 07:03:12	1	0	15	0
   110449	2026-04-07 07:07:36	1	0	15	0
   110422	2026-04-07 07:19:40	1	0	15	0
   110422	2026-04-07 07:19:42	1	0	15	0
   110541	2026-04-07 07:31:48	1	0	15	0
   117099	2026-04-07 07:33:31	1	0	15	0
   117099	2026-04-07 07:33:33	1	0	15	0
   110444	2026-04-07 07:34:36	1	0	15	0
   118598	2026-04-07 07:36:01	1	0	15	0
   110714	2026-04-07 07:42:24	1	0	15	0
   110714	2026-04-07 07:42:26	1	0	15	0
   110714	2026-04-07 07:42:27	1	0	15	0
   110018	2026-04-07 07:45:37	1	0	15	0
   110623	2026-04-07 07:46:54	1	0	15	0
   117022	2026-04-07 07:49:19	1	0	15	0
   117022	2026-04-07 07:49:21	1	0	15	0
   110455	2026-04-07 07:52:57	1	0	15	0
   110453	2026-04-07 07:53:45	1	0	15	0
   110453	2026-04-07 07:53:47	1	0	15	0
   110441	2026-04-07 07:55:46	1	0	15	0
   110441	2026-04-07 07:55:48	1	0	15	0
   110433	2026-04-07 07:56:03	1	0	15	0
   110433	2026-04-07 07:56:05	1	0	15	0
   110329	2026-04-07 07:58:24	1	0	15	0
   110439	2026-04-07 07:58:59	1	0	15	0
   110425	2026-04-07 08:05:17	1	0	15	0
   110425	2026-04-07 08:05:20	1	0	15	0
   110438	2026-04-07 08:05:33	1	0	15	0
   110420	2026-04-07 08:13:46	1	0	15	0
   110420	2026-04-07 08:13:47	1	0	15	0
   116137	2026-04-07 08:14:23	1	0	15	0
   110433	2026-04-07 12:01:03	1	0	15	0
   110423	2026-04-07 12:01:16	1	0	15	0
   110422	2026-04-07 12:01:24	1	0	15	0
   110422	2026-04-07 12:01:26	1	0	15	0
   117022	2026-04-07 12:01:38	1	0	15	0
   117022	2026-04-07 12:01:40	1	0	15	0
   118024	2026-04-07 12:01:50	1	0	15	0
   110441	2026-04-07 12:02:15	1	0	15	0
   110425	2026-04-07 12:03:40	1	0	15	0
   117099	2026-04-07 12:03:51	1	0	15	0
   118024	2026-04-07 12:04:05	1	0	15	0
   110714	2026-04-07 12:04:13	1	0	15	0
   110714	2026-04-07 12:04:17	1	0	15	0
   110444	2026-04-07 12:05:16	1	0	15	0
   110449	2026-04-07 12:05:38	1	0	15	0
   110449	2026-04-07 12:05:40	1	0	15	0
   110541	2026-04-07 12:07:50	1	0	15	0
   110438	2026-04-07 12:09:02	1	0	15	0
   110433	2026-04-07 12:09:19	1	0	15	0
   110433	2026-04-07 12:09:21	1	0	15	0
   110623	2026-04-07 12:09:55	1	0	15	0
   110623	2026-04-07 12:13:45	1	0	15	0
   110623	2026-04-07 12:13:47	1	0	15	0
   110449	2026-04-07 12:14:03	1	0	15	0
   110046	2026-04-07 12:15:41	1	1	3	0
   110438	2026-04-07 12:20:24	1	1	15	0
   110438	2026-04-07 12:20:25	1	1	15	0
   110439	2026-04-07 12:20:34	1	1	15	0
   110439	2026-04-07 12:20:36	1	1	15	0
   110425	2026-04-07 12:21:07	1	1	15	0
   110444	2026-04-07 12:26:36	1	1	15	0
   110455	2026-04-07 12:26:40	1	1	15	0
   110455	2026-04-07 12:26:42	1	1	15	0
   110018	2026-04-07 12:27:25	1	1	15	0
   110018	2026-04-07 12:27:27	1	1	15	0
   110439	2026-04-07 12:29:05	1	1	15	0
   110439	2026-04-07 12:29:06	1	1	15	0
   117022	2026-04-07 12:29:35	1	1	15	0
   117022	2026-04-07 12:29:37	1	1	15	0
   110714	2026-04-07 12:29:42	1	1	15	0
   110714	2026-04-07 12:29:44	1	1	15	0
   110714	2026-04-07 12:29:46	1	1	15	0
   117099	2026-04-07 12:30:01	1	1	15	0
   116137	2026-04-07 12:30:08	1	1	15	0
   118598	2026-04-07 12:30:17	1	1	15	0
   110018	2026-04-07 12:33:49	1	0	15	0
   110018	2026-04-07 12:33:51	1	0	15	0
   110423	2026-04-07 12:34:06	1	0	15	0
   110422	2026-04-07 12:34:29	1	0	15	0
   110422	2026-04-07 12:34:31	1	0	15	0
   110541	2026-04-07 12:34:47	1	0	15	0
   110455	2026-04-07 12:39:23	1	0	15	0
   110420	2026-04-07 12:40:05	1	0	15	0
   110420	2026-04-07 12:40:07	1	0	15	0
   118598	2026-04-07 12:49:31	1	0	15	0
   116137	2026-04-07 12:54:20	1	0	15	0
   110420	2026-04-07 12:55:44	1	0	15	0
   110441	2026-04-07 12:55:55	1	0	15	0
   110541	2026-04-07 17:05:54	1	0	15	0
   110422	2026-04-07 17:07:33	1	0	15	0
   110422	2026-04-07 17:07:36	1	0	15	0
   110444	2026-04-07 17:09:02	1	0	15	0
   110420	2026-04-07 17:09:35	1	0	15	0
   110433	2026-04-07 17:10:22	1	0	15	0
   117099	2026-04-07 17:15:37	1	0	15	0
   110714	2026-04-07 17:15:42	1	0	15	0
   110714	2026-04-07 17:15:44	1	0	15	0
   110714	2026-04-07 17:15:45	1	0	15	0
   110623	2026-04-07 17:21:51	1	0	15	0
   110453	2026-04-07 17:22:21	1	0	15	0
   110453	2026-04-07 17:22:23	1	0	15	0
   110455	2026-04-07 17:22:33	1	0	15	0
   110438	2026-04-07 17:28:48	1	0	15	0
   110439	2026-04-07 17:28:53	1	0	15	0
   110425	2026-04-07 17:32:42	1	0	15	0
   110425	2026-04-07 17:32:44	1	0	15	0
   110018	2026-04-07 17:39:48	1	1	15	0
   110018	2026-04-07 17:39:50	1	1	15	0
   117022	2026-04-07 17:43:00	1	1	15	0
   117022	2026-04-07 17:43:02	1	1	15	0
   116137	2026-04-07 17:47:12	1	1	15	0
   118024	2026-04-07 17:48:33	1	1	15	0
   110329	2026-04-07 17:48:44	1	1	15	0
   116137	2026-04-07 17:50:44	1	1	15	0
   110441	2026-04-07 18:07:21	1	1	15	0
   110046	2026-04-07 18:18:11	1	1	3	0
   118598	2026-04-07 18:22:43	1	1	15	0
   110449	2026-04-07 18:50:30	1	1	15	0
   118598	2026-04-08 06:56:00	1	0	15	0
   118598	2026-04-08 06:56:02	1	0	15	0
   118024	2026-04-08 07:10:52	1	0	15	0
   110444	2026-04-08 07:23:27	1	0	15	0
   110455	2026-04-08 07:26:48	1	0	15	0
   110541	2026-04-08 07:35:19	1	0	15	0
   116137	2026-04-08 07:42:56	1	0	15	0
   110329	2026-04-08 07:43:10	1	0	15	0
   110329	2026-04-08 07:43:12	1	0	15	0
   110018	2026-04-08 07:48:00	1	0	15	0
   110423	2026-04-08 07:49:49	1	0	15	0
   110420	2026-04-08 07:52:57	1	0	15	0
   110420	2026-04-08 07:52:59	1	0	15	0
   110433	2026-04-08 07:54:23	1	0	15	0
   110433	2026-04-08 07:54:25	1	0	15	0
   110438	2026-04-08 07:55:12	1	0	15	0
   110438	2026-04-08 07:55:14	1	0	15	0
   110441	2026-04-08 07:55:29	1	0	15	0
   117099	2026-04-08 07:57:17	1	0	15	0
   117099	2026-04-08 07:57:19	1	0	15	0
   110453	2026-04-08 07:58:35	1	0	15	0
   110449	2026-04-08 08:03:53	1	0	15	0
   117022	2026-04-08 08:07:36	1	0	15	0
   117022	2026-04-08 08:07:38	1	0	15	0
   110422	2026-04-08 08:14:01	1	0	15	0
   110422	2026-04-08 08:14:03	1	0	15	0
   110623	2026-04-08 08:14:17	1	0	15	0
   110425	2026-04-08 08:17:31	1	0	15	0
   110425	2026-04-08 08:17:33	1	0	15	0
   110439	2026-04-08 08:22:37	1	0	15	0
   110441	2026-04-08 12:01:28	1	0	15	0
   110420	2026-04-08 12:01:34	1	0	15	0
   110423	2026-04-08 12:02:22	1	0	15	0
   110439	2026-04-08 12:02:33	1	0	15	0
   110425	2026-04-08 12:02:39	1	0	15	0
   110438	2026-04-08 12:02:44	1	0	15	0
   110455	2026-04-08 12:03:33	1	0	15	0
   110541	2026-04-08 12:10:52	1	0	15	0
   110541	2026-04-08 12:10:54	1	0	15	0
   110433	2026-04-08 12:11:00	1	0	15	0
   117022	2026-04-08 12:11:26	1	0	15	0
   118598	2026-04-08 12:11:34	1	0	15	0
   110422	2026-04-08 12:12:40	1	0	15	0
   110422	2026-04-08 12:12:42	1	0	15	0
   110453	2026-04-08 12:14:54	1	0	15	0
   110018	2026-04-08 12:19:36	1	1	15	0
   110018	2026-04-08 12:19:37	1	1	15	0
   117099	2026-04-08 12:22:57	1	1	15	0
   116137	2026-04-08 12:23:27	1	1	15	0
   116137	2026-04-08 12:23:29	1	1	15	0
   110541	2026-04-08 12:24:08	1	1	15	0
   110018	2026-04-08 12:26:24	1	0	15	0
   110018	2026-04-08 12:26:26	1	0	15	0
   110422	2026-04-08 12:30:26	1	0	15	0
   110422	2026-04-08 12:30:28	1	0	15	0
   118598	2026-04-08 12:30:52	1	0	15	0
   110425	2026-04-08 12:33:54	1	0	15	0
   110420	2026-04-08 12:34:05	1	0	15	0
   110420	2026-04-08 12:34:07	1	0	15	0
   117099	2026-04-08 12:34:50	1	0	15	0
   116137	2026-04-08 12:35:08	1	0	15	0
   116137	2026-04-08 12:35:10	1	0	15	0
   118024	2026-04-08 12:35:39	1	0	15	0
   117022	2026-04-08 12:35:46	1	0	15	0
   117022	2026-04-08 12:35:48	1	0	15	0
   116137	2026-04-08 12:36:06	1	0	15	0
   110433	2026-04-08 12:36:25	1	0	15	0
   110441	2026-04-08 12:41:03	1	0	15	0
   110455	2026-04-08 12:41:08	1	0	15	0
   110438	2026-04-08 12:42:04	1	0	15	0
   110439	2026-04-08 12:43:06	1	0	15	0
   110623	2026-04-08 12:43:18	1	0	15	0
   110453	2026-04-08 12:44:38	1	0	15	0
   110453	2026-04-08 12:44:41	1	0	15	0
   110423	2026-04-08 12:48:52	1	0	15	0
   110623	2026-04-08 12:50:42	1	0	15	0
   110422	2026-04-08 17:01:41	1	0	15	0
   110422	2026-04-08 17:01:43	1	0	15	0
   110623	2026-04-08 17:01:56	1	0	15	0
   110423	2026-04-08 17:02:40	1	0	15	0
   110541	2026-04-08 17:02:49	1	0	15	0
   110441	2026-04-08 17:02:54	1	0	15	0
   110433	2026-04-08 17:03:07	1	0	15	0
   110433	2026-04-08 17:03:09	1	0	15	0
   110455	2026-04-08 17:03:14	1	0	15	0
   110425	2026-04-08 17:05:16	1	0	15	0
   110449	2026-04-08 17:07:44	1	0	15	0
   110438	2026-04-08 17:18:21	1	0	15	0
   110438	2026-04-08 17:18:23	1	0	15	0
   118024	2026-04-08 17:27:11	1	0	15	0
   110439	2026-04-08 17:30:05	1	0	15	0
   110439	2026-04-08 17:30:07	1	0	15	0
   110453	2026-04-08 17:30:20	1	0	15	0
   117022	2026-04-08 17:36:08	1	0	15	0
   117022	2026-04-08 17:36:10	1	0	15	0
   117022	2026-04-08 17:36:12	1	0	15	0
   110018	2026-04-08 17:46:49	1	1	15	0
   110018	2026-04-08 17:46:50	1	1	15	0
   110329	2026-04-08 18:11:34	1	1	15	0
   110329	2026-04-08 18:11:36	1	1	15	0
   116137	2026-04-08 18:17:12	1	1	15	0
   118598	2026-04-08 18:19:42	1	1	15	0
   110444	2026-04-09 18:46:40	1	0	15	0
   110541	2026-04-09 18:52:30	1	0	15	0
   110455	2026-04-09 19:11:16	1	0	15	0
   110425	2026-04-09 19:15:01	1	0	15	0
   110422	2026-04-09 19:21:14	1	0	15	0
   110422	2026-04-09 19:21:16	1	0	15	0
   110439	2026-04-09 19:28:46	1	0	15	0
   110439	2026-04-09 19:28:48	1	0	15	0
   110046	2026-04-12 18:15:22	1	0	3	0
   110714	2026-04-12 18:54:32	1	0	15	0
   110714	2026-04-12 18:54:34	1	0	15	0
   110714	2026-04-12 18:54:36	1	0	15	0
   110018	2026-04-12 18:58:19	1	0	15	0
   117099	2026-04-12 18:58:36	1	0	15	0
   117099	2026-04-12 18:58:37	1	0	15	0
   116137	2026-04-12 19:00:07	1	0	15	0
   116137	2026-04-12 19:00:09	1	0	15	0
   118598	2026-04-12 19:05:37	1	0	15	0
   110018	2026-04-13 07:52:33	1	0	15	0
   116137	2026-04-13 07:52:40	1	0	15	0
   117099	2026-04-13 07:52:45	1	0	15	0
   110714	2026-04-13 07:52:49	1	0	15	0
   110714	2026-04-13 07:52:51	1	0	15	0
   110433	2026-04-13 07:52:58	1	0	15	0
   110433	2026-04-13 07:52:59	1	0	15	0
   118598	2026-04-13 07:53:07	1	0	15	0
   118598	2026-04-13 07:53:09	1	0	15	0
   117022	2026-04-13 07:54:15	1	0	15	0
   117022	2026-04-13 07:54:21	1	0	15	0
   110623	2026-04-13 07:57:24	1	0	15	0
   110329	2026-04-13 07:58:49	1	0	15	0
   110441	2026-04-13 07:59:12	1	0	15	0
   110420	2026-04-13 08:07:15	1	0	15	0
   110425	2026-04-13 08:08:56	1	0	15	0
   110449	2026-04-13 08:09:51	1	0	15	0
   110449	2026-04-13 08:09:53	1	0	15	0
   118024	2026-04-13 08:14:21	1	0	15	0
   110423	2026-04-13 08:23:48	1	0	15	0
   110455	2026-04-13 08:43:20	1	0	15	0
   110444	2026-04-13 12:02:22	1	0	15	0
   110455	2026-04-13 12:02:37	1	0	15	0
   110441	2026-04-13 12:02:43	1	0	15	0
   110623	2026-04-13 12:03:06	1	0	15	0
   110453	2026-04-13 12:03:23	1	0	15	0
   110449	2026-04-13 12:03:45	1	0	15	0
   110438	2026-04-13 12:05:45	1	0	15	0
   110422	2026-04-13 12:06:05	1	0	15	0
   110422	2026-04-13 12:06:06	1	0	15	0
   110433	2026-04-13 12:06:14	1	0	15	0
   110433	2026-04-13 12:06:16	1	0	15	0
   110455	2026-04-13 12:07:05	1	0	15	0
   110425	2026-04-13 12:07:45	1	0	15	0
   110420	2026-04-13 12:08:12	1	0	15	0
   110420	2026-04-13 12:08:14	1	0	15	0
   110423	2026-04-13 12:09:59	1	0	15	0
   110623	2026-04-13 12:10:38	1	0	15	0
   110433	2026-04-13 12:12:59	1	0	15	0
   110433	2026-04-13 12:13:01	1	0	15	0
   117022	2026-04-13 12:15:05	1	0	15	0
   117022	2026-04-13 12:15:07	1	0	15	0
   110046	2026-04-13 12:21:43	1	1	3	0
   117099	2026-04-13 12:23:29	1	1	15	0
   116137	2026-04-13 12:23:33	1	1	15	0
   110714	2026-04-13 12:23:37	1	1	15	0
   110714	2026-04-13 12:23:39	1	1	15	0
   110425	2026-04-13 12:25:57	1	1	15	0
   118598	2026-04-13 12:26:14	1	1	15	0
   110420	2026-04-13 12:31:03	1	1	15	0
   110444	2026-04-13 12:31:29	1	1	15	0
   110441	2026-04-13 12:31:36	1	1	15	0
   110422	2026-04-13 12:33:47	1	1	15	0
   110423	2026-04-13 12:35:24	1	1	15	0
   110453	2026-04-13 12:37:18	1	1	15	0
   110018	2026-04-13 12:37:59	1	1	15	0
   110018	2026-04-13 12:38:00	1	1	15	0
   117022	2026-04-13 12:38:36	1	1	15	0
   110714	2026-04-13 12:38:40	1	1	15	0
   110714	2026-04-13 12:38:42	1	1	15	0
   117099	2026-04-13 12:38:46	1	1	15	0
   117099	2026-04-13 12:38:48	1	1	15	0
   116137	2026-04-13 12:39:29	1	1	15	0
   118598	2026-04-13 12:41:53	1	0	15	0
   118598	2026-04-13 12:41:55	1	0	15	0
   110018	2026-04-13 12:43:29	1	0	15	0
   110449	2026-04-13 12:45:03	1	0	15	0
   110046	2026-04-13 12:53:04	1	0	3	0
   118024	2026-04-13 12:55:32	1	0	15	0
   118024	2026-04-13 12:58:17	1	0	15	0
   118598	2026-04-13 17:02:58	1	1	15	0
   110422	2026-04-13 17:03:23	1	1	15	0
   110422	2026-04-13 17:03:25	1	1	15	0
   110541	2026-04-13 17:03:30	1	1	15	0
   110623	2026-04-13 17:03:37	1	1	15	0
   110423	2026-04-13 17:03:58	1	1	15	0
   110420	2026-04-13 17:04:43	1	1	15	0
   110420	2026-04-13 17:04:45	1	1	15	0
   110444	2026-04-13 17:05:35	1	1	15	0
   110449	2026-04-13 17:05:45	1	1	15	0
   110455	2026-04-13 17:05:56	1	1	15	0
   110441	2026-04-13 17:09:11	1	1	15	0
   118024	2026-04-13 17:22:29	1	1	15	0
   117022	2026-04-13 17:23:31	1	1	15	0
   110714	2026-04-13 17:25:50	1	1	15	0
   110714	2026-04-13 17:25:52	1	1	15	0
   117099	2026-04-13 17:25:57	1	1	15	0
   117099	2026-04-13 17:25:59	1	1	15	0
   110433	2026-04-13 17:32:48	1	1	15	0
   110433	2026-04-13 17:32:50	1	1	15	0
   110453	2026-04-13 17:34:35	1	1	15	0
   110438	2026-04-13 17:35:02	1	1	15	0
   110438	2026-04-13 17:35:04	1	1	15	0
   110425	2026-04-13 17:36:35	1	1	15	0
   110425	2026-04-13 17:36:36	1	1	15	0
   116137	2026-04-13 17:47:31	1	1	15	0
   116137	2026-04-13 17:47:33	1	1	15	0
   110018	2026-04-13 18:14:41	1	1	15	0
   110046	2026-04-14 06:35:29	1	0	3	0
   110541	2026-04-14 07:35:15	1	0	15	0
   110541	2026-04-14 07:35:17	1	0	15	0
   110422	2026-04-14 07:38:43	1	0	15	0
   110422	2026-04-14 07:38:45	1	0	15	0
   110444	2026-04-14 07:43:04	1	0	15	0
   117099	2026-04-14 07:45:10	1	0	15	0
   110441	2026-04-14 07:49:13	1	0	15	0
   110018	2026-04-14 07:50:52	1	0	15	0
   110329	2026-04-14 07:50:59	1	0	15	0
   110714	2026-04-14 07:53:00	1	0	15	0
   110714	2026-04-14 07:53:02	1	0	15	0
   110438	2026-04-14 07:54:44	1	0	15	0
   118598	2026-04-14 07:57:23	1	0	15	0
   110425	2026-04-14 07:59:35	1	0	15	0
   110449	2026-04-14 07:59:39	1	0	15	0
   110433	2026-04-14 08:00:51	1	0	15	0
   110433	2026-04-14 08:00:52	1	0	15	0
   110455	2026-04-14 08:00:55	1	0	15	0
   116137	2026-04-14 08:01:27	1	0	15	0
   110420	2026-04-14 08:02:33	1	0	15	0
   110423	2026-04-14 08:05:25	1	0	15	0
   110453	2026-04-14 08:08:32	1	0	15	0
   117022	2026-04-14 08:31:28	1	0	15	0
   117022	2026-04-14 08:31:30	1	0	15	0
   110623	2026-04-14 09:29:32	1	0	15	0
   110425	2026-04-14 12:02:08	1	0	15	0
   110441	2026-04-14 12:03:47	1	0	15	0
   110444	2026-04-14 12:03:54	1	0	15	0
   110455	2026-04-14 12:05:57	1	0	15	0
   110422	2026-04-14 12:07:10	1	0	15	0
   110422	2026-04-14 12:07:12	1	0	15	0
   110623	2026-04-14 12:07:26	1	0	15	0
   110438	2026-04-14 12:07:51	1	0	15	0
   110423	2026-04-14 12:08:26	1	0	15	0
   110423	2026-04-14 12:08:28	1	0	15	0
   110420	2026-04-14 12:09:12	1	0	15	0
   110420	2026-04-14 12:09:13	1	0	15	0
   110449	2026-04-14 12:09:24	1	0	15	0
   110623	2026-04-14 12:13:10	1	0	15	0
   110420	2026-04-14 12:15:44	1	0	15	0
   110449	2026-04-14 12:17:20	1	0	15	0
   118598	2026-04-14 12:18:01	1	0	15	0
   110714	2026-04-14 12:18:24	1	0	15	0
   110714	2026-04-14 12:18:25	1	0	15	0
   116137	2026-04-14 12:18:37	1	0	15	0
   116137	2026-04-14 12:18:39	1	0	15	0
   117099	2026-04-14 12:18:47	1	0	15	0
   117099	2026-04-14 12:18:49	1	0	15	0
   110422	2026-04-14 12:19:00	1	0	15	0
   110422	2026-04-14 12:19:02	1	0	15	0
   110018	2026-04-14 12:20:04	1	1	15	0
   110018	2026-04-14 12:20:05	1	1	15	0
   110541	2026-04-14 12:21:21	1	1	15	0
   117022	2026-04-14 12:23:32	1	1	15	0
   117022	2026-04-14 12:23:34	1	1	15	0
   110018	2026-04-14 12:24:14	1	0	15	0
   110018	2026-04-14 12:24:15	1	0	15	0
   116137	2026-04-14 12:26:05	1	0	15	0
   110425	2026-04-14 12:26:12	1	0	15	0
   117099	2026-04-14 12:26:17	1	0	15	0
   117099	2026-04-14 12:26:19	1	0	15	0
   110441	2026-04-14 12:31:18	1	0	15	0
   110444	2026-04-14 12:32:15	1	0	15	0
   110455	2026-04-14 12:33:10	1	0	15	0
   110438	2026-04-14 12:36:08	1	0	15	0
   110453	2026-04-14 12:36:29	1	0	15	0
   110423	2026-04-14 12:38:42	1	0	15	0
   110714	2026-04-14 12:40:26	1	0	15	0
   110714	2026-04-14 12:40:28	1	0	15	0
   117022	2026-04-14 12:43:03	1	0	15	0
   118598	2026-04-14 12:43:29	1	0	15	0
   110541	2026-04-14 12:52:41	1	0	15	0
   110453	2026-04-14 12:58:13	1	0	15	0
   110420	2026-04-14 17:03:11	1	0	15	0
   110420	2026-04-14 17:03:13	1	0	15	0
   110422	2026-04-14 17:03:20	1	0	15	0
   110422	2026-04-14 17:03:22	1	0	15	0
   110623	2026-04-14 17:03:29	1	0	15	0
   110423	2026-04-14 17:04:42	1	0	15	0
   110541	2026-04-14 17:05:18	1	0	15	0
   110444	2026-04-14 17:05:51	1	0	15	0
   110455	2026-04-14 17:06:19	1	0	15	0
   110441	2026-04-14 17:06:30	1	0	15	0
   110441	2026-04-14 17:06:32	1	0	15	0
   110425	2026-04-14 17:08:19	1	0	15	0
   110449	2026-04-14 17:09:50	1	0	15	0
   118598	2026-04-14 17:25:16	1	0	15	0
   110453	2026-04-14 17:33:57	1	0	15	0
   110018	2026-04-14 17:35:23	1	1	15	0
   110018	2026-04-14 17:35:24	1	1	15	0
   117099	2026-04-14 17:35:46	1	1	15	0
   110714	2026-04-14 17:35:50	1	1	15	0
   110714	2026-04-14 17:35:52	1	1	15	0
   110438	2026-04-14 17:38:31	1	1	15	0
   117022	2026-04-14 17:38:37	1	1	15	0
   117022	2026-04-14 17:38:39	1	1	15	0
   116137	2026-04-14 18:03:26	1	1	15	0
   116137	2026-04-14 18:03:28	1	1	15	0
   110433	2026-04-14 18:24:04	1	1	15	0
   110433	2026-04-14 18:24:06	1	1	15	0
   110046	2026-04-14 18:36:21	1	1	3	0
   110046	2026-04-15 06:47:20	1	0	3	0
   118024	2026-04-15 07:19:39	1	0	15	0
   118024	2026-04-15 07:19:41	1	0	15	0
   117099	2026-04-15 07:34:18	1	0	15	0
   110714	2026-04-15 07:39:46	1	0	15	0
   110714	2026-04-15 07:39:48	1	0	15	0
   110541	2026-04-15 07:40:31	1	0	15	0
   110422	2026-04-15 07:40:37	1	0	15	0
   110422	2026-04-15 07:40:39	1	0	15	0
   110018	2026-04-15 07:43:22	1	0	15	0
   110018	2026-04-15 07:43:24	1	0	15	0
   116137	2026-04-15 07:49:17	1	0	15	0
   116137	2026-04-15 07:49:19	1	0	15	0
   110438	2026-04-15 07:51:34	1	0	15	0
   110444	2026-04-15 07:52:00	1	0	15	0
   110453	2026-04-15 07:54:30	1	0	15	0
   118598	2026-04-15 07:54:57	1	0	15	0
   118598	2026-04-15 07:54:59	1	0	15	0
   110433	2026-04-15 07:55:19	1	0	15	0
   110623	2026-04-15 07:58:08	1	0	15	0
   110441	2026-04-15 07:58:16	1	0	15	0
   110455	2026-04-15 07:58:44	1	0	15	0
   110329	2026-04-15 08:00:19	1	0	15	0
   110449	2026-04-15 08:00:34	1	0	15	0
   110449	2026-04-15 08:00:35	1	0	15	0
   110423	2026-04-15 08:01:44	1	0	15	0
   117022	2026-04-15 08:08:44	1	0	15	0
   117022	2026-04-15 08:08:45	1	0	15	0
   110420	2026-04-15 08:15:34	1	0	15	0
   110425	2026-04-15 08:26:04	1	0	15	0
   110425	2026-04-15 08:26:05	1	0	15	0
   110441	2026-04-15 12:02:50	1	0	15	0
   110623	2026-04-15 12:03:35	1	0	15	0
   110453	2026-04-15 12:03:40	1	0	15	0
   110423	2026-04-15 12:03:44	1	0	15	0
   110444	2026-04-15 12:04:09	1	0	15	0
   110425	2026-04-15 12:04:47	1	0	15	0
   110714	2026-04-15 12:04:52	1	0	15	0
   117099	2026-04-15 12:04:58	1	0	15	0
   118598	2026-04-15 12:05:11	1	0	15	0
   110422	2026-04-15 12:05:28	1	0	15	0
   110422	2026-04-15 12:05:30	1	0	15	0
   110046	2026-04-15 12:05:59	1	1	3	0
   110438	2026-04-15 12:06:09	1	1	15	0
   110455	2026-04-15 12:06:47	1	1	15	0
   110623	2026-04-15 12:07:12	1	1	15	0
   117022	2026-04-15 12:08:21	1	1	15	0
   110541	2026-04-15 12:10:13	1	1	15	0
   110420	2026-04-15 12:11:38	1	1	15	0
   110422	2026-04-15 12:14:02	1	1	15	0
   110422	2026-04-15 12:14:04	1	1	15	0
   110046	2026-04-15 12:15:26	1	0	3	0
   110420	2026-04-15 12:17:27	1	0	15	0
   110449	2026-04-15 12:20:12	1	0	15	0
   117022	2026-04-15 12:26:32	1	0	15	0
   110444	2026-04-15 12:29:16	1	0	15	0
   110455	2026-04-15 12:29:24	1	0	15	0
   110018	2026-04-15 12:31:21	1	1	15	0
   110441	2026-04-15 12:32:48	1	1	15	0
   110541	2026-04-15 12:32:53	1	1	15	0
   110425	2026-04-15 12:33:41	1	1	15	0
   116137	2026-04-15 12:34:28	1	1	15	0
   117099	2026-04-15 12:34:37	1	1	15	0
   118598	2026-04-15 12:34:50	1	1	15	0
   118598	2026-04-15 12:34:51	1	1	15	0
   110714	2026-04-15 12:34:55	1	1	15	0
   110714	2026-04-15 12:34:57	1	1	15	0
   110423	2026-04-15 12:35:56	1	1	15	0
   110018	2026-04-15 12:36:21	1	0	15	0
   110449	2026-04-15 12:37:00	1	0	15	0
   116137	2026-04-15 12:45:24	1	0	15	0
   116137	2026-04-15 12:45:25	1	0	15	0
   117099	2026-04-15 12:45:29	1	0	15	0
   118024	2026-04-15 12:54:11	1	0	15	0
   118024	2026-04-15 12:54:13	1	0	15	0
   110453	2026-04-15 12:56:07	1	0	15	0
   118598	2026-04-15 12:57:53	1	0	15	0
   118024	2026-04-15 13:00:50	1	0	15	0
   118024	2026-04-15 13:00:52	1	0	15	0
   110422	2026-04-15 17:03:28	1	0	15	0
   110422	2026-04-15 17:03:29	1	0	15	0
   110420	2026-04-15 17:03:57	1	0	15	0
   110423	2026-04-15 17:04:15	1	0	15	0
   110541	2026-04-15 17:06:29	1	0	15	0
   110433	2026-04-15 17:06:37	1	0	15	0
   110623	2026-04-15 17:07:00	1	0	15	0
   110623	2026-04-15 17:07:02	1	0	15	0
   110444	2026-04-15 17:09:26	1	0	15	0
   110449	2026-04-15 17:10:24	1	0	15	0
   110425	2026-04-15 17:12:06	1	0	15	0
   110425	2026-04-15 17:12:08	1	0	15	0
   110441	2026-04-15 17:13:27	1	0	15	0
   110455	2026-04-15 17:20:43	1	0	15	0
   110453	2026-04-15 17:22:15	1	0	15	0
   110018	2026-04-15 17:42:58	1	1	15	0
   110018	2026-04-15 17:43:00	1	1	15	0
   110438	2026-04-15 17:44:30	1	1	15	0
   117022	2026-04-15 17:48:59	1	1	15	0
   117022	2026-04-15 17:49:03	1	1	15	0
   118024	2026-04-15 17:50:13	1	1	15	0
   110046	2026-04-15 17:56:35	1	1	3	0
   118598	2026-04-15 17:59:28	1	1	15	0
   110441	2026-04-16 06:49:56	1	1	15	0
   110046	2026-04-16 07:14:51	1	0	3	0
   110422	2026-04-16 07:38:29	1	0	15	0
   110422	2026-04-16 07:38:31	1	0	15	0
   110541	2026-04-16 07:41:11	1	0	15	0
   118598	2026-04-16 07:44:27	1	0	15	0
   118598	2026-04-16 07:44:29	1	0	15	0
   110444	2026-04-16 07:49:22	1	0	15	0
   110018	2026-04-16 07:56:44	1	0	15	0
   110433	2026-04-16 08:00:19	1	0	15	0
   110433	2026-04-16 08:00:21	1	0	15	0
   110423	2026-04-16 08:02:20	1	0	15	0
   110425	2026-04-16 08:02:44	1	0	15	0
   110420	2026-04-16 08:04:13	1	0	15	0
   110453	2026-04-16 08:11:35	1	0	15	0
   110439	2026-04-16 08:16:28	1	0	15	0
   110439	2026-04-16 08:16:29	1	0	15	0
   110449	2026-04-16 08:18:17	1	0	15	0
   110623	2026-04-16 08:26:55	1	0	15	0
   110541	2026-04-16 12:01:08	1	0	15	0
   110623	2026-04-16 12:01:33	1	0	15	0
   110433	2026-04-16 12:01:45	1	0	15	0
   110433	2026-04-16 12:01:47	1	0	15	0
   110441	2026-04-16 12:02:04	1	0	15	0
   117022	2026-04-16 12:02:26	1	0	15	0
   117022	2026-04-16 12:02:28	1	0	15	0
   110425	2026-04-16 12:04:37	1	0	15	0
   110623	2026-04-16 12:07:16	1	0	15	0
   110444	2026-04-16 12:08:59	1	0	15	0
   110018	2026-04-16 12:09:09	1	1	15	0
   110433	2026-04-16 12:09:16	1	1	15	0
   110433	2026-04-16 12:09:18	1	1	15	0
   110018	2026-04-16 12:14:17	1	0	15	0
   110018	2026-04-16 12:14:19	1	0	15	0
   110425	2026-04-16 12:14:31	1	0	15	0
   110423	2026-04-16 12:16:37	1	0	15	0
   110423	2026-04-16 12:16:39	1	0	15	0
   110046	2026-04-16 12:17:05	1	1	3	0
   110439	2026-04-16 12:17:17	1	1	15	0
   110439	2026-04-16 12:17:19	1	1	15	0
   110453	2026-04-16 12:17:24	1	1	15	0
   110453	2026-04-16 12:17:26	1	1	15	0
   117022	2026-04-16 12:18:06	1	1	15	0
   118598	2026-04-16 12:19:46	1	1	15	0
   110441	2026-04-16 12:26:55	1	1	15	0
   110444	2026-04-16 12:27:01	1	1	15	0
   110449	2026-04-16 12:30:41	1	1	15	0
   110449	2026-04-16 12:33:48	1	1	15	0
   110439	2026-04-16 12:37:14	1	1	15	0
   110439	2026-04-16 12:37:16	1	1	15	0
   110422	2026-04-16 12:37:22	1	1	15	0
   110422	2026-04-16 12:37:24	1	1	15	0
   110420	2026-04-16 12:37:33	1	1	15	0
   110046	2026-04-16 12:41:21	1	0	3	0
   118598	2026-04-16 12:41:37	1	0	15	0
   118598	2026-04-16 12:41:39	1	0	15	0
   110541	2026-04-16 12:41:46	1	0	15	0
   110438	2026-04-16 12:43:57	1	0	15	0
   110422	2026-04-16 12:46:49	1	0	15	0
   110422	2026-04-16 12:46:51	1	0	15	0
   110420	2026-04-16 12:47:08	1	0	15	0
   110423	2026-04-16 12:50:21	1	0	15	0
   110623	2026-04-16 17:03:44	1	0	15	0
   110541	2026-04-16 17:04:20	1	0	15	0
   110422	2026-04-16 17:04:32	1	0	15	0
   110444	2026-04-16 17:04:41	1	0	15	0
   110441	2026-04-16 17:04:48	1	0	15	0
   110420	2026-04-16 17:05:05	1	0	15	0
   110423	2026-04-16 17:05:12	1	0	15	0
   110449	2026-04-16 17:05:24	1	0	15	0
   118598	2026-04-16 17:05:40	1	0	15	0
   118598	2026-04-16 17:05:42	1	0	15	0
   110425	2026-04-16 17:09:07	1	0	15	0
   110623	2026-04-16 17:19:14	1	0	15	0
   110453	2026-04-16 17:28:04	1	0	15	0
   110433	2026-04-16 17:28:22	1	0	15	0
   110433	2026-04-16 17:28:24	1	0	15	0
   110439	2026-04-16 17:38:00	1	0	15	0
   110439	2026-04-16 17:38:02	1	0	15	0
   110438	2026-04-16 17:38:15	1	0	15	0
   110018	2026-04-16 17:45:49	1	1	15	0
   110046	2026-04-16 18:17:11	1	1	3	0
   110046	2026-04-17 07:41:35	1	0	3	0
   110422	2026-04-17 07:50:22	1	0	15	0
   110422	2026-04-17 07:50:24	1	0	15	0
   110423	2026-04-17 07:52:08	1	0	15	0
   110444	2026-04-17 07:53:17	1	0	15	0
   110433	2026-04-17 07:54:04	1	0	15	0
   110433	2026-04-17 07:54:06	1	0	15	0
   110453	2026-04-17 07:55:14	1	0	15	0
   110438	2026-04-17 07:56:27	1	0	15	0
   110425	2026-04-17 07:57:13	1	0	15	0
   110449	2026-04-17 07:57:23	1	0	15	0
   110441	2026-04-17 08:04:18	1	0	15	0
   110455	2026-04-17 08:08:38	1	0	15	0
   110623	2026-04-17 08:10:34	1	0	15	0
   110439	2026-04-17 08:18:22	1	0	15	0
   110439	2026-04-17 08:18:24	1	0	15	0
   110420	2026-04-17 08:19:23	1	0	15	0
   110420	2026-04-17 12:01:09	1	0	15	0
   110423	2026-04-17 12:02:44	1	0	15	0
   110425	2026-04-17 12:05:04	1	0	15	0
   110444	2026-04-17 12:07:11	1	0	15	0
   110422	2026-04-17 12:08:42	1	0	15	0
   110422	2026-04-17 12:08:44	1	0	15	0
   110623	2026-04-17 12:08:53	1	0	15	0
   110433	2026-04-17 12:09:04	1	0	15	0
   110433	2026-04-17 12:09:06	1	0	15	0
   110455	2026-04-17 12:09:09	1	0	15	0
   110449	2026-04-17 12:09:15	1	0	15	0
   110623	2026-04-17 12:14:14	1	0	15	0
   110449	2026-04-17 12:14:59	1	0	15	0
   110453	2026-04-17 12:22:52	1	0	15	0
   110422	2026-04-17 12:27:43	1	0	15	0
   110422	2026-04-17 12:27:45	1	0	15	0
   110046	2026-04-17 12:29:47	1	1	3	0
   110444	2026-04-17 12:29:57	1	1	15	0
   110455	2026-04-17 12:32:51	1	1	15	0
   110438	2026-04-17 12:34:41	1	1	15	0
   110439	2026-04-17 12:34:45	1	1	15	0
   110420	2026-04-17 12:36:28	1	1	15	0
   110423	2026-04-17 12:37:16	1	1	15	0
   110425	2026-04-17 12:43:20	1	1	15	0
   110441	2026-04-17 12:46:15	1	1	15	0
   110439	2026-04-17 12:47:27	1	1	15	0
   110438	2026-04-17 12:47:34	1	1	15	0
   110438	2026-04-17 12:47:36	1	1	15	0
   110453	2026-04-17 12:52:04	1	1	15	0
   110441	2026-04-17 12:53:30	1	1	15	0
   110046	2026-04-17 12:54:10	1	0	3	0
   110433	2026-04-17 12:54:24	1	0	15	0
   110433	2026-04-17 12:54:26	1	0	15	0
   110441	2026-04-17 17:02:01	1	0	15	0
   110444	2026-04-17 17:05:24	1	0	15	0
   110422	2026-04-17 17:05:33	1	0	15	0
   110425	2026-04-17 17:05:42	1	0	15	0
   110455	2026-04-17 17:08:08	1	0	15	0
   110623	2026-04-17 17:08:22	1	0	15	0
   110449	2026-04-17 17:08:40	1	0	15	0
   110449	2026-04-17 17:08:41	1	0	15	0
   110420	2026-04-17 17:11:17	1	0	15	0
   110433	2026-04-17 17:13:30	1	0	15	0
   110433	2026-04-17 17:13:32	1	0	15	0
   110453	2026-04-17 17:13:36	1	0	15	0
   110438	2026-04-17 17:18:42	1	0	15	0
   110046	2026-04-17 17:23:35	1	1	3	0
   110439	2026-04-17 17:23:49	1	1	15	0
   110439	2026-04-17 17:23:51	1	1	15	0
   110046	2026-04-20 06:53:36	1	0	3	0
   118024	2026-04-20 07:12:29	1	0	15	0
   110018	2026-04-20 07:38:57	1	0	15	0
   110541	2026-04-20 07:41:07	1	0	15	0
   110422	2026-04-20 07:46:57	1	0	15	0
   110422	2026-04-20 07:46:59	1	0	15	0
   110444	2026-04-20 07:52:41	1	0	15	0
   110329	2026-04-20 07:54:41	1	0	15	0
   110449	2026-04-20 07:55:16	1	0	15	0
   110449	2026-04-20 07:55:18	1	0	15	0
   110425	2026-04-20 07:55:55	1	0	15	0
   110441	2026-04-20 07:56:32	1	0	15	0
   110441	2026-04-20 07:56:34	1	0	15	0
   110420	2026-04-20 07:58:58	1	0	15	0
   110455	2026-04-20 07:59:47	1	0	15	0
   118598	2026-04-20 08:00:28	1	0	15	0
   110453	2026-04-20 08:04:36	1	0	15	0
   117099	2026-04-20 08:04:46	1	0	15	0
   110433	2026-04-20 08:05:03	1	0	15	0
   116137	2026-04-20 08:10:07	1	0	15	0
   116137	2026-04-20 08:10:08	1	0	15	0
   110423	2026-04-20 08:16:48	1	0	15	0
   110438	2026-04-20 08:17:35	1	0	15	0
   110438	2026-04-20 08:17:37	1	0	15	0
   110439	2026-04-20 08:38:10	1	0	15	0
   110423	2026-04-20 12:03:00	1	0	15	0
   110453	2026-04-20 12:03:15	1	0	15	0
   110453	2026-04-20 12:03:17	1	0	15	0
   118024	2026-04-20 12:03:46	1	0	15	0
   118024	2026-04-20 12:03:48	1	0	15	0
   110425	2026-04-20 12:05:33	1	0	15	0
   110422	2026-04-20 12:06:01	1	0	15	0
   118024	2026-04-20 12:06:13	1	0	15	0
   110438	2026-04-20 12:06:51	1	0	15	0
   110420	2026-04-20 12:07:19	1	0	15	0
   110433	2026-04-20 12:07:42	1	0	15	0
   110444	2026-04-20 12:08:04	1	0	15	0
   110541	2026-04-20 12:09:08	1	0	15	0
   110046	2026-04-20 12:13:52	1	1	3	0
   110441	2026-04-20 12:15:03	1	1	15	0
   110455	2026-04-20 12:16:35	1	1	15	0
   110439	2026-04-20 12:17:19	1	1	15	0
   110433	2026-04-20 12:17:28	1	1	15	0
   110425	2026-04-20 12:21:41	1	1	15	0
   118598	2026-04-20 12:21:55	1	1	15	0
   110046	2026-04-20 12:23:34	1	0	3	0
   110438	2026-04-20 12:23:54	1	0	15	0
   110438	2026-04-20 12:23:55	1	0	15	0
   117099	2026-04-20 12:24:14	1	0	15	0
   116137	2026-04-20 12:25:03	1	0	15	0
   110422	2026-04-20 12:27:25	1	0	15	0
   110422	2026-04-20 12:27:27	1	0	15	0
   110420	2026-04-20 12:28:29	1	0	15	0
   118598	2026-04-20 12:30:27	1	0	15	0
   118598	2026-04-20 12:30:29	1	0	15	0
   110541	2026-04-20 12:33:43	1	0	15	0
   110441	2026-04-20 12:35:46	1	0	15	0
   110444	2026-04-20 12:35:57	1	0	15	0
   110455	2026-04-20 12:36:05	1	0	15	0
   110423	2026-04-20 12:37:13	1	0	15	0
   110453	2026-04-20 12:37:23	1	0	15	0
   110449	2026-04-20 12:39:59	1	0	15	0
   116137	2026-04-20 12:43:51	1	0	15	0
   116137	2026-04-20 12:43:53	1	0	15	0
   117099	2026-04-20 12:43:57	1	0	15	0
   110018	2026-04-20 13:03:38	1	1	15	0
   110018	2026-04-20 13:03:39	1	1	15	0
   110422	2026-04-20 17:01:54	1	1	15	0
   110422	2026-04-20 17:01:56	1	1	15	0
   110423	2026-04-20 17:02:07	1	1	15	0
   110420	2026-04-20 17:02:17	1	1	15	0
   110541	2026-04-20 17:02:23	1	1	15	0
   110455	2026-04-20 17:02:28	1	1	15	0
   110444	2026-04-20 17:02:34	1	1	15	0
   118024	2026-04-20 17:04:25	1	1	15	0
   110441	2026-04-20 17:05:14	1	1	15	0
   110449	2026-04-20 17:05:39	1	1	15	0
   110425	2026-04-20 17:07:49	1	1	15	0
   118598	2026-04-20 17:11:13	1	1	15	0
   118598	2026-04-20 17:11:14	1	1	15	0
   110438	2026-04-20 17:11:31	1	1	15	0
   110439	2026-04-20 17:11:38	1	1	15	0
   110439	2026-04-20 17:11:40	1	1	15	0
   110453	2026-04-20 17:17:31	1	1	15	0
   110018	2026-04-20 17:21:30	1	1	15	0
   110018	2026-04-20 17:21:32	1	1	15	0
   110433	2026-04-20 17:37:46	1	1	15	0
   110433	2026-04-20 17:37:48	1	1	15	0
   116137	2026-04-20 17:58:50	1	1	15	0
   116137	2026-04-20 17:58:52	1	1	15	0
   117099	2026-04-20 17:58:57	1	1	15	0
   117099	2026-04-20 17:58:59	1	1	15	0
   110046	2026-04-20 18:39:17	1	1	3	0
   110046	2026-04-21 06:57:03	1	0	3	0
   118024	2026-04-21 07:09:49	1	0	15	0
   110623	2026-04-21 07:32:56	1	0	15	0
   110422	2026-04-21 07:38:06	1	0	15	0
   110422	2026-04-21 07:38:08	1	0	15	0
   110541	2026-04-21 07:39:28	1	0	15	0
   117099	2026-04-21 07:39:51	1	0	15	0
   110444	2026-04-21 07:44:46	1	0	15	0
   110425	2026-04-21 07:52:13	1	0	15	0
   110425	2026-04-21 07:52:14	1	0	15	0
   110018	2026-04-21 07:52:49	1	0	15	0
   110018	2026-04-21 07:52:50	1	0	15	0
   118598	2026-04-21 07:53:31	1	0	15	0
   118598	2026-04-21 07:53:33	1	0	15	0
   110441	2026-04-21 07:55:12	1	0	15	0
   110453	2026-04-21 07:56:07	1	0	15	0
   110433	2026-04-21 07:57:50	1	0	15	0
   110433	2026-04-21 07:57:52	1	0	15	0
   110449	2026-04-21 07:58:09	1	0	15	0
   116137	2026-04-21 08:04:49	1	0	15	0
   116137	2026-04-21 08:04:51	1	0	15	0
   110420	2026-04-21 08:09:19	1	0	15	0
   110420	2026-04-21 08:09:21	1	0	15	0
   110438	2026-04-21 08:12:19	1	0	15	0
   110438	2026-04-21 08:12:21	1	0	15	0
   110423	2026-04-21 08:13:29	1	0	15	0
   110455	2026-04-21 08:17:25	1	0	15	0
   110439	2026-04-21 08:23:00	1	0	15	0
   110420	2026-04-21 12:00:50	1	0	15	0
   110623	2026-04-21 12:01:06	1	0	15	0
   110541	2026-04-21 12:01:12	1	0	15	0
   110433	2026-04-21 12:04:00	1	0	15	0
   110433	2026-04-21 12:04:02	1	0	15	0
   110453	2026-04-21 12:04:20	1	0	15	0
   110422	2026-04-21 12:04:51	1	0	15	0
   110422	2026-04-21 12:04:53	1	0	15	0
   110439	2026-04-21 12:05:07	1	0	15	0
   110439	2026-04-21 12:05:09	1	0	15	0
   110438	2026-04-21 12:05:18	1	0	15	0
   110420	2026-04-21 12:05:58	1	0	15	0
   110420	2026-04-21 12:06:00	1	0	15	0
   110433	2026-04-21 12:10:10	1	0	15	0
   110433	2026-04-21 12:10:12	1	0	15	0
   110444	2026-04-21 12:11:25	1	0	15	0
   110623	2026-04-21 12:11:34	1	0	15	0
   110423	2026-04-21 12:12:16	1	0	15	0
   110423	2026-04-21 12:12:18	1	0	15	0
   110425	2026-04-21 12:13:24	1	0	15	0
   110018	2026-04-21 12:15:46	1	1	15	0
   117099	2026-04-21 12:20:05	1	1	15	0
   118598	2026-04-21 12:20:10	1	1	15	0
   116137	2026-04-21 12:21:00	1	1	15	0
   116137	2026-04-21 12:21:02	1	1	15	0
   110422	2026-04-21 12:21:21	1	1	15	0
   110422	2026-04-21 12:21:23	1	1	15	0
   110018	2026-04-21 12:24:58	1	0	15	0
   110018	2026-04-21 12:24:59	1	0	15	0
   110449	2026-04-21 12:28:16	1	0	15	0
   110441	2026-04-21 12:29:10	1	0	15	0
   110438	2026-04-21 12:30:21	1	0	15	0
   110439	2026-04-21 12:30:26	1	0	15	0
   110455	2026-04-21 12:30:46	1	0	15	0
   110449	2026-04-21 12:30:51	1	0	15	0
   110449	2026-04-21 12:30:53	1	0	15	0
   110425	2026-04-21 12:31:14	1	0	15	0
   110425	2026-04-21 12:31:16	1	0	15	0
   110455	2026-04-21 12:36:26	1	0	15	0
   110444	2026-04-21 12:37:04	1	0	15	0
   116137	2026-04-21 12:37:43	1	0	15	0
   117099	2026-04-21 12:37:47	1	0	15	0
   117099	2026-04-21 12:37:49	1	0	15	0
   118024	2026-04-21 12:38:24	1	0	15	0
   118024	2026-04-21 12:38:26	1	0	15	0
   110423	2026-04-21 12:41:39	1	0	15	0
   110046	2026-04-21 12:43:35	1	1	3	0
   110541	2026-04-21 12:46:39	1	1	15	0
   110453	2026-04-21 12:50:55	1	1	15	0
   110453	2026-04-21 12:50:57	1	1	15	0
   110441	2026-04-21 12:54:46	1	1	15	0
   110046	2026-04-21 12:56:25	1	0	3	0
   118024	2026-04-21 12:56:32	1	0	15	0
   118598	2026-04-21 12:57:08	1	0	15	0
   110449	2026-04-21 17:01:10	1	0	15	0
   110449	2026-04-21 17:01:12	1	0	15	0
   110422	2026-04-21 17:02:14	1	0	15	0
   110422	2026-04-21 17:02:16	1	0	15	0
   110455	2026-04-21 17:02:19	1	0	15	0
   110423	2026-04-21 17:02:28	1	0	15	0
   110623	2026-04-21 17:02:38	1	0	15	0
   110425	2026-04-21 17:03:37	1	0	15	0
   110541	2026-04-21 17:04:21	1	0	15	0
   110420	2026-04-21 17:05:10	1	0	15	0
   110444	2026-04-21 17:05:17	1	0	15	0
   110441	2026-04-21 17:06:37	1	0	15	0
   118024	2026-04-21 17:07:37	1	0	15	0
   110433	2026-04-21 17:08:06	1	0	15	0
   110433	2026-04-21 17:08:08	1	0	15	0
   110329	2026-04-21 17:08:39	1	0	15	0
   118598	2026-04-21 17:09:25	1	0	15	0
   110453	2026-04-21 17:17:25	1	0	15	0
   110439	2026-04-21 17:27:11	1	0	15	0
   110438	2026-04-21 17:27:21	1	0	15	0
   110438	2026-04-21 17:27:23	1	0	15	0
   110018	2026-04-21 17:28:24	1	1	15	0
   110018	2026-04-21 17:28:26	1	1	15	0
   116137	2026-04-21 17:41:27	1	1	15	0
   116137	2026-04-21 17:41:29	1	1	15	0
   117099	2026-04-21 17:41:35	1	1	15	0
   110046	2026-04-21 18:14:26	1	1	3	0
   117099	2026-04-22 07:14:44	1	1	15	0
   110046	2026-04-22 07:15:38	1	0	3	0
   118598	2026-04-22 07:35:52	1	0	15	0
   118598	2026-04-22 07:35:54	1	0	15	0
   110422	2026-04-22 07:39:51	1	0	15	0
   110422	2026-04-22 07:39:53	1	0	15	0
   110541	2026-04-22 07:40:44	1	0	15	0
   110444	2026-04-22 07:41:46	1	0	15	0
   110423	2026-04-22 07:45:51	1	0	15	0
   110423	2026-04-22 07:45:53	1	0	15	0
   110438	2026-04-22 07:47:53	1	0	15	0
   110438	2026-04-22 07:47:55	1	0	15	0
   110425	2026-04-22 07:51:23	1	0	15	0
   110018	2026-04-22 07:52:50	1	0	15	0
   110455	2026-04-22 07:53:08	1	0	15	0
   110433	2026-04-22 07:54:18	1	0	15	0
   110420	2026-04-22 07:57:35	1	0	15	0
   110420	2026-04-22 07:57:36	1	0	15	0
   110441	2026-04-22 07:57:56	1	0	15	0
   110441	2026-04-22 07:57:58	1	0	15	0
   110623	2026-04-22 07:59:18	1	0	15	0
   110623	2026-04-22 07:59:20	1	0	15	0
   110449	2026-04-22 08:00:29	1	0	15	0
   110329	2026-04-22 08:04:03	1	0	15	0
   110453	2026-04-22 08:05:43	1	0	15	0
   116137	2026-04-22 08:06:50	1	0	15	0
   110439	2026-04-22 08:14:35	1	0	15	0
   110439	2026-04-22 08:14:37	1	0	15	0
   118024	2026-04-22 08:31:36	1	0	15	0
   110423	2026-04-22 12:01:47	1	0	15	0
   110420	2026-04-22 12:01:53	1	0	15	0
   110623	2026-04-22 12:02:02	1	0	15	0
   110433	2026-04-22 12:02:09	1	0	15	0
   110422	2026-04-22 12:02:16	1	0	15	0
   110422	2026-04-22 12:02:17	1	0	15	0
   110046	2026-04-22 12:02:32	1	0	3	0
   110455	2026-04-22 12:02:48	1	0	15	0
   110444	2026-04-22 12:03:17	1	0	15	0
   110438	2026-04-22 12:03:28	1	0	15	0
   110439	2026-04-22 12:03:39	1	0	15	0
   110441	2026-04-22 12:05:00	1	0	15	0
   110425	2026-04-22 12:06:48	1	0	15	0
   110455	2026-04-22 12:07:09	1	0	15	0
   110444	2026-04-22 12:07:16	1	0	15	0
   110433	2026-04-22 12:08:29	1	0	15	0
   110433	2026-04-22 12:08:30	1	0	15	0
   110623	2026-04-22 12:09:22	1	0	15	0
   110449	2026-04-22 12:10:58	1	0	15	0
   110449	2026-04-22 12:14:34	1	0	15	0
   110453	2026-04-22 12:15:02	1	0	15	0
   110541	2026-04-22 12:15:53	1	0	15	0
   118598	2026-04-22 12:17:32	1	0	15	0
   110422	2026-04-22 12:18:00	1	0	15	0
   110422	2026-04-22 12:18:02	1	0	15	0
   117099	2026-04-22 12:18:27	1	0	15	0
   117099	2026-04-22 12:18:29	1	0	15	0
   116137	2026-04-22 12:18:34	1	0	15	0
   116137	2026-04-22 12:18:36	1	0	15	0
   110046	2026-04-22 12:21:52	1	0	3	0
   110425	2026-04-22 12:25:17	1	0	15	0
   110018	2026-04-22 12:28:32	1	1	15	0
   110018	2026-04-22 12:28:34	1	1	15	0
   110541	2026-04-22 12:32:31	1	1	15	0
   110439	2026-04-22 12:33:21	1	1	15	0
   110438	2026-04-22 12:33:27	1	1	15	0
   110438	2026-04-22 12:33:29	1	1	15	0
   110018	2026-04-22 12:36:35	1	0	15	0
   110018	2026-04-22 12:36:37	1	0	15	0
   110453	2026-04-22 12:40:11	1	0	15	0
   110423	2026-04-22 12:43:14	1	0	15	0
   117099	2026-04-22 12:44:13	1	0	15	0
   116137	2026-04-22 12:44:19	1	0	15	0
   110441	2026-04-22 12:45:30	1	0	15	0
   118598	2026-04-22 12:47:24	1	0	15	0
   118024	2026-04-22 12:48:12	1	0	15	0
   118024	2026-04-22 12:55:22	1	0	15	0
   118598	2026-04-22 17:02:37	1	0	15	0
   110422	2026-04-22 17:03:36	1	0	15	0
   110422	2026-04-22 17:03:38	1	0	15	0
   110444	2026-04-22 17:03:42	1	0	15	0
   110541	2026-04-22 17:03:47	1	0	15	0
   110420	2026-04-22 17:05:24	1	0	15	0
   110420	2026-04-22 17:05:26	1	0	15	0
   110455	2026-04-22 17:05:42	1	0	15	0
   110423	2026-04-22 17:05:59	1	0	15	0
   110441	2026-04-22 17:06:50	1	0	15	0
   110623	2026-04-22 17:06:57	1	0	15	0
   110449	2026-04-22 17:07:06	1	0	15	0
   110425	2026-04-22 17:08:24	1	0	15	0
   118024	2026-04-22 17:26:19	1	0	15	0
   110018	2026-04-22 17:35:40	1	1	15	0
   110046	2026-04-22 17:39:23	1	1	3	0
   110438	2026-04-22 17:42:51	1	1	15	0
   110433	2026-04-22 17:42:58	1	1	15	0
   110453	2026-04-22 17:43:04	1	1	15	0
   110439	2026-04-22 17:43:10	1	1	15	0
   110439	2026-04-22 17:43:12	1	1	15	0
   117099	2026-04-22 17:44:27	1	1	15	0
   116137	2026-04-22 17:54:10	1	1	15	0
   110046	2026-04-23 06:47:47	1	0	3	0
   110422	2026-04-23 07:39:13	1	0	15	0
   110422	2026-04-23 07:39:15	1	0	15	0
   117099	2026-04-23 07:40:57	1	0	15	0
   110541	2026-04-23 07:41:45	1	0	15	0
   110444	2026-04-23 07:46:02	1	0	15	0
   110423	2026-04-23 07:50:31	1	0	15	0
   110420	2026-04-23 07:51:26	1	0	15	0
   110018	2026-04-23 07:52:35	1	0	15	0
   116137	2026-04-23 07:55:55	1	0	15	0
   116137	2026-04-23 07:55:57	1	0	15	0
   110433	2026-04-23 07:56:39	1	0	15	0
   110433	2026-04-23 07:56:41	1	0	15	0
   110425	2026-04-23 07:57:12	1	0	15	0
   110441	2026-04-23 07:57:59	1	0	15	0
   110438	2026-04-23 07:58:36	1	0	15	0
   110453	2026-04-23 08:00:54	1	0	15	0
   110455	2026-04-23 08:09:50	1	0	15	0
   110449	2026-04-23 08:10:02	1	0	15	0
   110623	2026-04-23 08:20:23	1	0	15	0
   110623	2026-04-23 08:20:25	1	0	15	0
   110439	2026-04-23 08:24:06	1	0	15	0
   110441	2026-04-23 12:01:34	1	0	15	0
   110453	2026-04-23 12:01:40	1	0	15	0
   110423	2026-04-23 12:01:54	1	0	15	0
   110423	2026-04-23 12:01:56	1	0	15	0
   110433	2026-04-23 12:02:04	1	0	15	0
   110444	2026-04-23 12:03:33	1	0	15	0
   110439	2026-04-23 12:05:39	1	0	15	0
   110439	2026-04-23 12:05:41	1	0	15	0
   110425	2026-04-23 12:07:50	1	0	15	0
   110425	2026-04-23 12:07:51	1	0	15	0
   110422	2026-04-23 12:08:59	1	0	15	0
   110541	2026-04-23 12:09:05	1	0	15	0
   110455	2026-04-23 12:09:41	1	0	15	0
   110433	2026-04-23 12:10:05	1	0	15	0
   110433	2026-04-23 12:10:07	1	0	15	0
   110018	2026-04-23 12:11:17	1	1	15	0
   110444	2026-04-23 12:12:19	1	1	15	0
   110018	2026-04-23 12:17:20	1	0	15	0
   110018	2026-04-23 12:17:22	1	0	15	0
   110623	2026-04-23 12:18:11	1	0	15	0
   110420	2026-04-23 12:18:23	1	0	15	0
   110438	2026-04-23 12:18:33	1	0	15	0
   110438	2026-04-23 12:18:35	1	0	15	0
   110449	2026-04-23 12:19:06	1	0	15	0
   110623	2026-04-23 12:24:12	1	0	15	0
   110455	2026-04-23 12:27:17	1	0	15	0
   110422	2026-04-23 12:27:28	1	0	15	0
   110422	2026-04-23 12:27:30	1	0	15	0
   110420	2026-04-23 12:28:42	1	0	15	0
   110438	2026-04-23 12:29:05	1	0	15	0
   110439	2026-04-23 12:29:16	1	0	15	0
   110439	2026-04-23 12:29:18	1	0	15	0
   117099	2026-04-23 12:30:27	1	0	15	0
   116137	2026-04-23 12:30:37	1	0	15	0
   116137	2026-04-23 12:30:39	1	0	15	0
   110425	2026-04-23 12:32:46	1	0	15	0
   116137	2026-04-23 12:44:35	1	0	15	0
   116137	2026-04-23 12:44:37	1	0	15	0
   117099	2026-04-23 12:44:49	1	0	15	0
   117099	2026-04-23 12:44:51	1	0	15	0
   110423	2026-04-23 12:45:37	1	0	15	0
   110423	2026-04-23 12:45:39	1	0	15	0
   110541	2026-04-23 12:48:01	1	0	15	0
   110441	2026-04-23 12:48:11	1	0	15	0
   110441	2026-04-23 12:48:13	1	0	15	0
   110453	2026-04-23 13:02:39	1	0	15	0
   110422	2026-04-23 17:01:33	1	0	15	0
   110422	2026-04-23 17:01:35	1	0	15	0
   110433	2026-04-23 17:01:42	1	0	15	0
   110433	2026-04-23 17:01:44	1	0	15	0
   110541	2026-04-23 17:01:48	1	0	15	0
   110420	2026-04-23 17:01:52	1	0	15	0
   110444	2026-04-23 17:01:57	1	0	15	0
   110423	2026-04-23 17:02:03	1	0	15	0
   110423	2026-04-23 17:02:05	1	0	15	0
   110441	2026-04-23 17:02:15	1	0	15	0
   110623	2026-04-23 17:03:00	1	0	15	0
   110455	2026-04-23 17:03:05	1	0	15	0
   110425	2026-04-23 17:05:05	1	0	15	0
   110449	2026-04-23 17:06:25	1	0	15	0
   110046	2026-04-23 17:09:10	1	1	3	0
   110453	2026-04-23 17:10:36	1	1	15	0
   110438	2026-04-23 17:16:48	1	1	15	0
   110438	2026-04-23 17:16:50	1	1	15	0
   110439	2026-04-23 17:17:14	1	1	15	0
   110439	2026-04-23 17:17:16	1	1	15	0
   110018	2026-04-23 17:31:17	1	1	15	0
   110018	2026-04-23 17:31:19	1	1	15	0
   116137	2026-04-23 17:38:28	1	1	15	0
   116137	2026-04-23 17:38:30	1	1	15	0
   117099	2026-04-23 17:38:46	1	1	15	0
   110046	2026-04-24 06:59:27	1	0	3	0
   118024	2026-04-24 07:31:25	1	0	15	0
   117099	2026-04-24 07:42:12	1	0	15	0
   110444	2026-04-24 07:44:36	1	0	15	0
   110541	2026-04-24 07:45:23	1	0	15	0
   110449	2026-04-24 07:53:48	1	0	15	0
   110449	2026-04-24 07:53:50	1	0	15	0
   110441	2026-04-24 07:54:34	1	0	15	0
   110453	2026-04-24 07:54:44	1	0	15	0
   110018	2026-04-24 07:54:55	1	0	15	0
   110018	2026-04-24 07:54:57	1	0	15	0
   110438	2026-04-24 07:56:30	1	0	15	0
   110438	2026-04-24 07:56:32	1	0	15	0
   110623	2026-04-24 07:56:45	1	0	15	0
   110425	2026-04-24 08:00:07	1	0	15	0
   110423	2026-04-24 08:02:40	1	0	15	0
   110455	2026-04-24 08:11:08	1	0	15	0
   110422	2026-04-24 08:17:06	1	0	15	0
   110422	2026-04-24 08:17:08	1	0	15	0
   110439	2026-04-24 08:24:47	1	0	15	0
   118024	2026-04-24 12:01:23	1	0	15	0
   118024	2026-04-24 12:01:25	1	0	15	0
   110046	2026-04-24 12:01:48	1	0	3	0
   110423	2026-04-24 12:02:55	1	0	15	0
   110453	2026-04-24 12:03:13	1	0	15	0
   118024	2026-04-24 12:03:23	1	0	15	0
   110438	2026-04-24 12:05:02	1	0	15	0
   110438	2026-04-24 12:05:04	1	0	15	0
   110439	2026-04-24 12:05:10	1	0	15	0
   110439	2026-04-24 12:05:11	1	0	15	0
   110425	2026-04-24 12:06:06	1	0	15	0
   110444	2026-04-24 12:07:13	1	0	15	0
   117099	2026-04-24 12:08:09	1	0	15	0
   110449	2026-04-24 12:08:19	1	0	15	0
   110623	2026-04-24 12:08:43	1	0	15	0
   110422	2026-04-24 12:09:34	1	0	15	0
   110422	2026-04-24 12:09:36	1	0	15	0
   110541	2026-04-24 12:10:08	1	0	15	0
   110455	2026-04-24 12:19:52	1	0	15	0
   110623	2026-04-24 12:21:26	1	0	15	0
   110444	2026-04-24 12:23:30	1	0	15	0
   110455	2026-04-24 12:26:24	1	0	15	0
   117099	2026-04-24 12:29:48	1	0	15	0
   110425	2026-04-24 12:30:01	1	0	15	0
   110018	2026-04-24 12:30:10	1	1	15	0
   110046	2026-04-24 12:30:43	1	0	3	0
   110438	2026-04-24 12:30:55	1	0	15	0
   110439	2026-04-24 12:31:06	1	0	15	0
   110439	2026-04-24 12:31:08	1	0	15	0
   110422	2026-04-24 12:31:41	1	0	15	0
   110422	2026-04-24 12:31:43	1	0	15	0
   110018	2026-04-24 12:37:13	1	0	15	0
   110018	2026-04-24 12:37:15	1	0	15	0
   110453	2026-04-24 12:38:35	1	0	15	0
   110541	2026-04-24 12:41:53	1	0	15	0
   110423	2026-04-24 12:43:30	1	0	15	0
   110441	2026-04-24 12:44:51	1	0	15	0
   110449	2026-04-24 12:49:13	1	0	15	0
   110449	2026-04-24 12:49:15	1	0	15	0
   110441	2026-04-24 12:52:19	1	0	15	0
   110623	2026-04-24 17:02:54	1	1	15	0
   110444	2026-04-24 17:03:32	1	1	15	0
   110422	2026-04-24 17:03:46	1	1	15	0
   110422	2026-04-24 17:03:48	1	1	15	0
   110425	2026-04-24 17:04:40	1	1	15	0
   110449	2026-04-24 17:07:03	1	1	15	0
   118024	2026-04-24 17:08:48	1	1	15	0
   118024	2026-04-24 17:08:50	1	1	15	0
   110046	2026-04-24 17:12:25	1	1	3	0
   110018	2026-04-24 17:18:11	1	1	15	0
   110453	2026-04-24 17:21:34	1	1	15	0
   110438	2026-04-24 17:26:11	1	1	15	0
   110438	2026-04-24 17:26:13	1	1	15	0
   117099	2026-04-24 17:56:08	1	1	15	0
   110046	2026-04-27 06:59:51	1	0	3	0
   118024	2026-04-27 07:14:42	1	0	15	0
   110449	2026-04-27 07:28:45	1	0	15	0
   110444	2026-04-27 07:36:11	1	0	15	0
   116137	2026-04-27 07:38:53	1	0	15	0
   116137	2026-04-27 07:38:54	1	0	15	0
   110018	2026-04-27 07:41:36	1	0	15	0
   110541	2026-04-27 07:42:06	1	0	15	0
   117099	2026-04-27 07:42:36	1	0	15	0
   117022	2026-04-27 07:44:51	1	0	15	0
   110453	2026-04-27 07:50:01	1	0	15	0
   110714	2026-04-27 07:52:37	1	0	15	0
   110714	2026-04-27 07:52:39	1	0	15	0
   110329	2026-04-27 07:55:27	1	0	15	0
   110425	2026-04-27 07:56:14	1	0	15	0
   110422	2026-04-27 07:58:07	1	0	15	0
   110422	2026-04-27 07:58:10	1	0	15	0
   117022	2026-04-27 07:58:25	1	0	15	0
   110423	2026-04-27 08:10:39	1	0	15	0
   110438	2026-04-27 08:25:09	1	0	15	0
   110438	2026-04-27 08:25:10	1	0	15	0
   110439	2026-04-27 08:31:12	1	0	15	0
   110453	2026-04-27 12:02:27	1	0	15	0
   110444	2026-04-27 12:03:30	1	0	15	0
   110425	2026-04-27 12:06:25	1	0	15	0
   110423	2026-04-27 12:06:35	1	0	15	0
   110423	2026-04-27 12:06:37	1	0	15	0
   110541	2026-04-27 12:11:37	1	0	15	0
   110439	2026-04-27 12:12:12	1	0	15	0
   110438	2026-04-27 12:12:22	1	0	15	0
   110438	2026-04-27 12:12:24	1	0	15	0
   110422	2026-04-27 12:13:30	1	0	15	0
   110422	2026-04-27 12:13:32	1	0	15	0
   117022	2026-04-27 12:18:00	1	0	15	0
   110444	2026-04-27 12:26:25	1	0	15	0
   110714	2026-04-27 12:26:57	1	0	15	0
   110714	2026-04-27 12:26:59	1	0	15	0
   117099	2026-04-27 12:27:05	1	0	15	0
   110018	2026-04-27 12:27:59	1	1	15	0
   110018	2026-04-27 12:28:01	1	1	15	0
   110425	2026-04-27 12:29:12	1	1	15	0
   110449	2026-04-27 12:32:31	1	1	15	0
   110438	2026-04-27 12:32:44	1	1	15	0
   117099	2026-04-27 12:32:52	1	1	15	0
   116137	2026-04-27 12:36:20	1	1	15	0
   110439	2026-04-27 12:37:15	1	1	15	0
   110046	2026-04-27 12:37:48	1	1	3	0
   110422	2026-04-27 12:39:24	1	1	15	0
   110422	2026-04-27 12:39:26	1	1	15	0
   110453	2026-04-27 12:40:12	1	1	15	0
   110046	2026-04-27 12:43:22	1	0	3	0
   110714	2026-04-27 12:45:40	1	0	15	0
   110714	2026-04-27 12:45:41	1	0	15	0
   116137	2026-04-27 12:47:07	1	0	15	0
   116137	2026-04-27 12:47:09	1	0	15	0
   118024	2026-04-27 12:50:17	1	0	15	0
   118024	2026-04-27 12:51:48	1	0	15	0
   110423	2026-04-27 12:52:13	1	0	15	0
   110541	2026-04-27 12:52:30	1	0	15	0
   110449	2026-04-27 12:54:00	1	0	15	0
    10000	2026-04-27 16:21:58	1	0	15	0
    10000	2026-04-27 16:22:00	1	0	15	0
   110423	2026-04-27 17:03:09	1	0	15	0
   110449	2026-04-27 17:06:38	1	0	15	0
   110449	2026-04-27 17:06:40	1	0	15	0
   110541	2026-04-27 17:07:50	1	0	15	0
   110422	2026-04-27 17:08:14	1	0	15	0
   110422	2026-04-27 17:08:16	1	0	15	0
   110444	2026-04-27 17:08:58	1	0	15	0
   110425	2026-04-27 17:09:31	1	0	15	0
   110425	2026-04-27 17:09:33	1	0	15	0
   110714	2026-04-27 17:13:49	1	0	15	0
   110714	2026-04-27 17:13:51	1	0	15	0
   117022	2026-04-27 17:27:25	1	0	15	0
   117022	2026-04-27 17:27:27	1	0	15	0
   117099	2026-04-27 17:27:59	1	0	15	0
   117099	2026-04-27 17:28:01	1	0	15	0
   110453	2026-04-27 17:42:24	1	0	15	0
   110439	2026-04-27 17:43:04	1	0	15	0
   110439	2026-04-27 17:43:05	1	0	15	0
   118024	2026-04-27 17:52:00	1	0	15	0
   110046	2026-04-27 17:55:24	1	1	3	0
   116137	2026-04-27 18:00:13	1	1	15	0
   116137	2026-04-27 18:00:15	1	1	15	0
   110455	2026-04-28 06:51:15	1	1	15	0
   110046	2026-04-28 07:00:30	1	0	3	0
   110425	2026-04-28 07:09:00	1	0	15	0
   110425	2026-04-28 07:09:02	1	0	15	0
   110444	2026-04-28 07:11:08	1	0	15	0
   110623	2026-04-28 07:35:50	1	0	15	0
   110422	2026-04-28 07:45:57	1	0	15	0
   110422	2026-04-28 07:45:59	1	0	15	0
   110541	2026-04-28 07:47:15	1	0	15	0
   117099	2026-04-28 07:51:32	1	0	15	0
   110453	2026-04-28 07:51:53	1	0	15	0
   110714	2026-04-28 07:51:57	1	0	15	0
   110714	2026-04-28 07:51:59	1	0	15	0
   110423	2026-04-28 07:59:52	1	0	15	0
   110423	2026-04-28 07:59:54	1	0	15	0
   110449	2026-04-28 08:03:46	1	0	15	0
   110449	2026-04-28 08:03:48	1	0	15	0
   116137	2026-04-28 08:03:54	1	0	15	0
   116137	2026-04-28 08:03:56	1	0	15	0
   110438	2026-04-28 08:06:52	1	0	15	0
   117022	2026-04-28 08:08:10	1	0	15	0
   117022	2026-04-28 08:08:12	1	0	15	0
   118598	2026-04-28 08:13:12	1	0	15	0
   118024	2026-04-28 08:39:08	1	0	15	0
   110453	2026-04-28 12:02:44	1	0	15	0
   110423	2026-04-28 12:04:06	1	0	15	0
   110449	2026-04-28 12:04:16	1	0	15	0
   110438	2026-04-28 12:04:32	1	0	15	0
   110623	2026-04-28 12:05:44	1	0	15	0
   110623	2026-04-28 12:05:46	1	0	15	0
   110422	2026-04-28 12:10:32	1	0	15	0
   110422	2026-04-28 12:10:34	1	0	15	0
   110623	2026-04-28 12:13:10	1	0	15	0
   117022	2026-04-28 12:14:33	1	0	15	0
   110541	2026-04-28 12:16:51	1	0	15	0
   110438	2026-04-28 12:22:42	1	0	15	0
   110438	2026-04-28 12:22:44	1	0	15	0
   117022	2026-04-28 12:26:56	1	0	15	0
   117022	2026-04-28 12:26:57	1	0	15	0
   118024	2026-04-28 12:27:03	1	0	15	0
   118598	2026-04-28 12:27:53	1	0	15	0
   118598	2026-04-28 12:27:55	1	0	15	0
   110453	2026-04-28 12:28:24	1	0	15	0
   110422	2026-04-28 12:28:46	1	0	15	0
   116137	2026-04-28 12:37:01	1	0	15	0
   117099	2026-04-28 12:37:06	1	0	15	0
   117099	2026-04-28 12:37:08	1	0	15	0
   110714	2026-04-28 12:37:12	1	0	15	0
   110714	2026-04-28 12:37:14	1	0	15	0
   110541	2026-04-28 12:38:36	1	0	15	0
   110449	2026-04-28 12:39:06	1	0	15	0
   110449	2026-04-28 12:39:08	1	0	15	0
   110423	2026-04-28 12:39:47	1	0	15	0
   116137	2026-04-28 12:44:31	1	0	15	0
   118598	2026-04-28 12:44:45	1	0	15	0
   117099	2026-04-28 12:44:50	1	0	15	0
   117099	2026-04-28 12:44:51	1	0	15	0
   118024	2026-04-28 12:44:56	1	0	15	0
   110714	2026-04-28 12:49:58	1	0	15	0
   110714	2026-04-28 12:50:00	1	0	15	0
   110623	2026-04-28 17:02:37	1	0	15	0
   110541	2026-04-28 17:02:53	1	0	15	0
   110449	2026-04-28 17:03:02	1	0	15	0
   110422	2026-04-28 17:04:14	1	0	15	0
   110422	2026-04-28 17:04:16	1	0	15	0
   110423	2026-04-28 17:04:27	1	0	15	0
   110423	2026-04-28 17:04:29	1	0	15	0
   118598	2026-04-28 17:20:49	1	0	15	0
   110453	2026-04-28 17:21:16	1	0	15	0
   110453	2026-04-28 17:21:18	1	0	15	0
   118598	2026-04-28 17:23:09	1	0	15	0
   110438	2026-04-28 17:32:14	1	0	15	0
   110329	2026-04-28 17:37:06	1	0	15	0
   110714	2026-04-28 17:37:24	1	0	15	0
   110714	2026-04-28 17:37:26	1	0	15	0
   117099	2026-04-28 17:37:30	1	0	15	0
   117022	2026-04-28 17:38:47	1	0	15	0
   117022	2026-04-28 17:38:54	1	0	15	0
   118024	2026-04-28 17:50:33	1	0	15	0
   110444	2026-04-29 06:48:20	1	0	15	0
   110444	2026-04-29 06:48:22	1	0	15	0
   118024	2026-04-29 06:59:07	1	0	15	0
   110455	2026-04-29 06:59:13	1	0	15	0
   110425	2026-04-29 07:05:49	1	0	15	0
   110425	2026-04-29 07:05:51	1	0	15	0
   110422	2026-04-29 07:44:12	1	0	15	0
   110422	2026-04-29 07:44:14	1	0	15	0
   117099	2026-04-29 07:48:41	1	0	15	0
   110541	2026-04-29 07:50:59	1	0	15	0
   110423	2026-04-29 07:53:47	1	0	15	0
   110449	2026-04-29 07:57:04	1	0	15	0
   110449	2026-04-29 07:57:06	1	0	15	0
   118598	2026-04-29 07:57:28	1	0	15	0
   110623	2026-04-29 07:57:39	1	0	15	0
   110714	2026-04-29 07:58:00	1	0	15	0
   110714	2026-04-29 07:58:02	1	0	15	0
   116137	2026-04-29 08:04:43	1	0	15	0
   110438	2026-04-29 08:06:31	1	0	15	0
   110438	2026-04-29 08:06:33	1	0	15	0
   110453	2026-04-29 08:27:56	1	0	15	0
   110439	2026-04-29 08:28:47	1	0	15	0
   117022	2026-04-29 08:33:44	1	0	15	0
   110623	2026-04-29 12:01:29	1	0	15	0
   110422	2026-04-29 12:02:44	1	0	15	0
   110422	2026-04-29 12:02:46	1	0	15	0
   110449	2026-04-29 12:03:03	1	0	15	0
   110449	2026-04-29 12:03:04	1	0	15	0
   116137	2026-04-29 12:06:03	1	0	15	0
   117099	2026-04-29 12:06:11	1	0	15	0
   110623	2026-04-29 12:06:16	1	0	15	0
   110439	2026-04-29 12:07:15	1	0	15	0
   110438	2026-04-29 12:07:18	1	0	15	0
   110438	2026-04-29 12:07:19	1	0	15	0
   110714	2026-04-29 12:08:16	1	0	15	0
   110714	2026-04-29 12:08:17	1	0	15	0
   118024	2026-04-29 12:10:22	1	0	15	0
   110541	2026-04-29 12:11:31	1	0	15	0
   117022	2026-04-29 12:11:37	1	0	15	0
   110423	2026-04-29 12:12:17	1	0	15	0
   110453	2026-04-29 12:19:30	1	0	15	0
   110438	2026-04-29 12:23:53	1	0	15	0
   110453	2026-04-29 12:33:23	1	0	15	0
   110541	2026-04-29 12:34:34	1	0	15	0
   110541	2026-04-29 12:34:36	1	0	15	0
   118598	2026-04-29 12:35:35	1	0	15	0
   110439	2026-04-29 12:36:36	1	0	15	0
   116137	2026-04-29 12:37:05	1	0	15	0
   116137	2026-04-29 12:37:06	1	0	15	0
   110423	2026-04-29 12:43:01	1	0	15	0
   110423	2026-04-29 12:43:03	1	0	15	0
   110714	2026-04-29 12:44:44	1	0	15	0
   110714	2026-04-29 12:44:46	1	0	15	0
   118024	2026-04-29 12:45:03	1	0	15	0
   118024	2026-04-29 12:45:05	1	0	15	0
   117099	2026-04-29 12:45:09	1	0	15	0
   117022	2026-04-29 12:45:58	1	0	15	0
   118598	2026-04-29 12:50:32	1	0	15	0
   110449	2026-04-29 12:53:26	1	0	15	0
   110449	2026-04-29 12:53:29	1	0	15	0
   110422	2026-04-29 12:57:46	1	0	15	0
   110541	2026-04-29 17:02:51	1	0	15	0
   110623	2026-04-29 17:04:19	1	0	15	0
   110449	2026-04-29 17:06:11	1	0	15	0
   110449	2026-04-29 17:06:12	1	0	15	0
   118598	2026-04-29 17:07:38	1	0	15	0
   110423	2026-04-29 17:08:17	1	0	15	0
   110422	2026-04-29 17:12:29	1	0	15	0
   110422	2026-04-29 17:12:31	1	0	15	0
   110714	2026-04-29 17:14:07	1	0	15	0
   110714	2026-04-29 17:14:09	1	0	15	0
   117099	2026-04-29 17:17:08	1	0	15	0
   117099	2026-04-29 17:17:10	1	0	15	0
   110438	2026-04-29 17:20:55	1	0	15	0
   110439	2026-04-29 17:21:01	1	0	15	0
   110453	2026-04-29 17:26:11	1	0	15	0
   118024	2026-04-29 17:29:21	1	0	15	0
   117022	2026-04-29 17:38:04	1	0	15	0
   110444	2026-04-30 07:01:38	1	0	15	0
   110046	2026-04-30 07:02:34	1	0	3	0
   110455	2026-04-30 07:10:55	1	0	15	0
   110425	2026-04-30 07:12:06	1	0	15	0
   110420	2026-04-30 07:34:20	1	0	15	0
   110420	2026-04-30 07:34:22	1	0	15	0
   116137	2026-04-30 07:45:34	1	0	15	0
   110422	2026-04-30 07:48:28	1	0	15	0
   110422	2026-04-30 07:48:30	1	0	15	0
   110714	2026-04-30 07:48:48	1	0	15	0
   110714	2026-04-30 07:48:50	1	0	15	0
   110541	2026-04-30 07:49:00	1	0	15	0
   110423	2026-04-30 07:49:59	1	0	15	0
   110018	2026-04-30 07:50:19	1	0	15	0
   110018	2026-04-30 07:50:21	1	0	15	0
   110623	2026-04-30 07:56:08	1	0	15	0
   110449	2026-04-30 08:00:29	1	0	15	0
   110449	2026-04-30 08:00:31	1	0	15	0
   118598	2026-04-30 08:03:32	1	0	15	0
   110453	2026-04-30 08:03:38	1	0	15	0
   110438	2026-04-30 08:16:28	1	0	15	0
   110438	2026-04-30 08:16:30	1	0	15	0
   117022	2026-04-30 08:23:43	1	0	15	0
   117022	2026-04-30 08:23:45	1	0	15	0
   110439	2026-04-30 08:49:39	1	0	15	0
   110623	2026-04-30 12:01:06	1	0	15	0
   110439	2026-04-30 12:04:08	1	0	15	0
   110439	2026-04-30 12:04:10	1	0	15	0
   110420	2026-04-30 12:04:22	1	0	15	0
   110449	2026-04-30 12:05:09	1	0	15	0
   110422	2026-04-30 12:05:19	1	0	15	0
   110422	2026-04-30 12:05:21	1	0	15	0
   110453	2026-04-30 12:06:21	1	0	15	0
   110623	2026-04-30 12:07:32	1	0	15	0
   110439	2026-04-30 12:10:48	1	0	15	0
   110438	2026-04-30 12:10:53	1	0	15	0
   110438	2026-04-30 12:10:55	1	0	15	0
   110423	2026-04-30 12:13:32	1	0	15	0
   110541	2026-04-30 12:16:37	1	0	15	0
   110422	2026-04-30 12:22:44	1	0	15	0
   110422	2026-04-30 12:22:46	1	0	15	0
   110714	2026-04-30 12:25:21	1	0	15	0
   110714	2026-04-30 12:25:23	1	0	15	0
   117022	2026-04-30 12:25:29	1	0	15	0
   117022	2026-04-30 12:25:30	1	0	15	0
   118024	2026-04-30 12:25:33	1	0	15	0
   110018	2026-04-30 12:29:33	1	1	15	0
   110018	2026-04-30 12:29:34	1	1	15	0
   118598	2026-04-30 12:29:56	1	1	15	0
   110541	2026-04-30 12:30:01	1	1	15	0
   116137	2026-04-30 12:30:29	1	1	15	0
   116137	2026-04-30 12:30:31	1	1	15	0
   110018	2026-04-30 12:32:21	1	0	15	0
   118598	2026-04-30 12:35:53	1	0	15	0
   116137	2026-04-30 12:37:22	1	0	15	0
   118598	2026-04-30 12:37:31	1	0	15	0
   110420	2026-04-30 12:43:04	1	0	15	0
   110423	2026-04-30 12:43:39	1	0	15	0
   110449	2026-04-30 12:43:46	1	0	15	0
   110449	2026-04-30 12:43:48	1	0	15	0
   117022	2026-04-30 12:44:25	1	0	15	0
   117022	2026-04-30 12:44:35	1	0	15	0
   117022	2026-04-30 12:44:37	1	0	15	0
   110438	2026-04-30 12:49:13	1	0	15	0
   110453	2026-04-30 12:49:58	1	0	15	0
   110714	2026-04-30 12:50:58	1	0	15	0
   110714	2026-04-30 12:51:00	1	0	15	0
   110046	2026-04-30 12:51:43	1	1	3	0
   117022	2026-04-30 14:13:12	1	0	15	0
   110623	2026-04-30 17:04:08	1	0	15	0
   110541	2026-04-30 17:07:21	1	0	15	0
   110714	2026-04-30 17:10:46	1	0	15	0
   110714	2026-04-30 17:10:47	1	0	15	0
   110423	2026-04-30 17:10:55	1	0	15	0
   110420	2026-04-30 17:12:47	1	0	15	0
   110420	2026-04-30 17:12:48	1	0	15	0
   110453	2026-04-30 17:13:23	1	0	15	0
   110422	2026-04-30 17:17:05	1	0	15	0
   110422	2026-04-30 17:17:07	1	0	15	0
   116137	2026-04-30 17:22:41	1	0	15	0
   116137	2026-04-30 17:22:43	1	0	15	0
   118598	2026-04-30 17:22:51	1	0	15	0
   117022	2026-04-30 17:23:19	1	0	15	0
   117022	2026-04-30 17:23:21	1	0	15	0
