   117022	2026-02-02 07:47:17	1	0	15	0
   118598	2026-02-02 07:53:49	1	0	15	0
   110329	2026-02-02 07:55:36	1	0	15	0
   110018	2026-02-02 07:57:19	1	0	15	0
   110018	2026-02-02 07:57:21	1	0	15	0
   117099	2026-02-02 08:07:16	1	0	15	0
   117099	2026-02-02 08:07:18	1	0	15	0
   118782	2026-02-02 08:10:13	1	0	15	0
   116137	2026-02-02 08:41:27	1	0	15	0
   117022	2026-02-02 12:00:20	1	0	15	0
   117897	2026-02-02 12:06:12	1	0	15	0
   118024	2026-02-02 12:07:05	1	0	15	0
   118024	2026-02-02 12:07:07	1	0	15	0
   117897	2026-02-02 12:09:49	1	0	15	0
   117897	2026-02-02 12:09:52	1	0	15	0
   117022	2026-02-02 12:24:02	1	0	15	0
   117099	2026-02-02 12:29:29	1	0	15	0
   117099	2026-02-02 12:29:31	1	0	15	0
   116137	2026-02-02 12:29:36	1	0	15	0
   110018	2026-02-02 12:36:56	1	1	15	0
   117099	2026-02-02 12:39:08	1	1	15	0
   110018	2026-02-02 12:40:41	1	0	15	0
   110018	2026-02-02 12:40:42	1	0	15	0
   116137	2026-02-02 12:42:06	1	0	15	0
   118598	2026-02-02 12:45:36	1	0	15	0
   118598	2026-02-02 12:45:38	1	0	15	0
   117022	2026-02-02 12:51:08	1	0	15	0
   117121	2026-02-02 12:53:20	1	0	15	0
   118782	2026-02-02 12:53:48	1	0	15	0
   118598	2026-02-02 12:54:34	1	0	15	0
   118782	2026-02-02 12:56:56	1	0	15	0
   118782	2026-02-02 12:56:58	1	0	15	0
   117897	2026-02-02 17:09:25	1	0	15	0
   117897	2026-02-02 17:09:27	1	0	15	0
   118598	2026-02-02 17:12:59	1	0	15	0
   117022	2026-02-02 17:41:59	1	0	15	0
   110018	2026-02-02 17:43:25	1	1	15	0
   110018	2026-02-02 17:43:27	1	1	15	0
   118782	2026-02-02 17:49:29	1	1	15	0
   117099	2026-02-02 17:50:38	1	1	15	0
   117099	2026-02-02 17:50:40	1	1	15	0
   110329	2026-02-02 17:56:08	1	1	15	0
   110329	2026-02-02 17:56:10	1	1	15	0
   118024	2026-02-02 18:06:47	1	1	15	0
   116137	2026-02-02 18:29:22	1	1	15	0
   118024	2026-02-03 07:23:22	1	1	15	0
   118024	2026-02-03 07:23:23	1	1	15	0
   118598	2026-02-03 07:49:49	1	0	15	0
   118598	2026-02-03 07:49:51	1	0	15	0
   117099	2026-02-03 08:02:29	1	0	15	0
   117099	2026-02-03 08:02:31	1	0	15	0
   110018	2026-02-03 08:08:51	1	0	15	0
   110329	2026-02-03 08:15:29	1	0	15	0
   110329	2026-02-03 08:15:31	1	0	15	0
   117022	2026-02-03 08:44:02	1	0	15	0
   117022	2026-02-03 08:44:09	1	0	15	0
   118782	2026-02-03 08:55:25	1	0	15	0
   118782	2026-02-03 08:55:33	1	0	15	0
   117897	2026-02-03 08:55:39	1	0	15	0
   117897	2026-02-03 08:55:41	1	0	15	0
   118782	2026-02-03 08:56:16	1	0	15	0
   116137	2026-02-03 08:56:57	1	0	15	0
   116137	2026-02-03 08:56:58	1	0	15	0
   118024	2026-02-03 12:00:06	1	0	15	0
   117022	2026-02-03 12:00:16	1	0	15	0
   117897	2026-02-03 12:04:44	1	0	15	0
   117897	2026-02-03 12:04:46	1	0	15	0
   118782	2026-02-03 12:04:59	1	0	15	0
   117022	2026-02-03 12:08:46	1	0	15	0
   117022	2026-02-03 12:08:48	1	0	15	0
   118598	2026-02-03 12:09:00	1	0	15	0
   118024	2026-02-03 12:09:22	1	0	15	0
   118782	2026-02-03 12:13:22	1	0	15	0
   118598	2026-02-03 12:22:31	1	0	15	0
   117099	2026-02-03 12:26:39	1	0	15	0
   116137	2026-02-03 12:26:44	1	0	15	0
   116137	2026-02-03 12:26:46	1	0	15	0
   110018	2026-02-03 12:30:16	1	1	15	0
   110018	2026-02-03 12:30:18	1	1	15	0
   110018	2026-02-03 12:34:50	1	0	15	0
   110018	2026-02-03 12:34:52	1	0	15	0
   116137	2026-02-03 12:37:56	1	0	15	0
   117897	2026-02-03 12:38:51	1	0	15	0
   117897	2026-02-03 12:38:53	1	0	15	0
   117099	2026-02-03 12:45:18	1	0	15	0
   117099	2026-02-03 17:51:36	1	0	15	0
   117099	2026-02-03 17:51:38	1	0	15	0
   118024	2026-02-03 17:58:08	1	0	15	0
   117897	2026-02-03 18:01:36	1	0	15	0
   118782	2026-02-03 18:01:49	1	0	15	0
   117022	2026-02-03 18:03:15	1	0	15	0
   117022	2026-02-03 18:03:17	1	0	15	0
   118598	2026-02-03 18:35:01	1	0	15	0
   110018	2026-02-03 18:35:55	1	1	15	0
   110018	2026-02-03 18:35:56	1	1	15	0
   116137	2026-02-03 18:50:07	1	1	15	0
   117099	2026-02-04 07:56:50	1	1	15	0
   117099	2026-02-04 07:56:51	1	1	15	0
   110018	2026-02-04 08:05:43	1	0	15	0
   110018	2026-02-04 08:05:45	1	0	15	0
   118598	2026-02-04 08:12:19	1	0	15	0
   110329	2026-02-04 08:22:28	1	0	15	0
   110329	2026-02-04 08:22:30	1	0	15	0
   117022	2026-02-04 08:38:59	1	0	15	0
   117022	2026-02-04 08:39:00	1	0	15	0
   116137	2026-02-04 08:50:02	1	0	15	0
   117897	2026-02-04 08:59:44	1	0	15	0
   117897	2026-02-04 08:59:46	1	0	15	0
   118024	2026-02-04 09:06:19	1	0	15	0
   118782	2026-02-04 09:19:57	1	0	15	0
   118024	2026-02-04 12:01:15	1	0	15	0
   118024	2026-02-04 12:04:34	1	0	15	0
   117022	2026-02-04 12:12:24	1	0	15	0
   117022	2026-02-04 12:16:12	1	0	15	0
   117897	2026-02-04 12:25:07	1	0	15	0
   117897	2026-02-04 12:25:14	1	0	15	0
   117897	2026-02-04 12:25:16	1	0	15	0
   118782	2026-02-04 12:29:20	1	0	15	0
   118782	2026-02-04 12:29:22	1	0	15	0
   117897	2026-02-04 12:29:28	1	0	15	0
   117897	2026-02-04 12:29:30	1	0	15	0
   118598	2026-02-04 12:29:43	1	0	15	0
   118598	2026-02-04 12:29:45	1	0	15	0
   110018	2026-02-04 12:31:25	1	1	15	0
   110018	2026-02-04 12:31:26	1	1	15	0
   110018	2026-02-04 12:35:55	1	0	15	0
   110018	2026-02-04 12:35:56	1	0	15	0
   118782	2026-02-04 12:39:20	1	0	15	0
   118782	2026-02-04 12:39:22	1	0	15	0
   117099	2026-02-04 12:45:21	1	0	15	0
   117099	2026-02-04 12:45:23	1	0	15	0
   116137	2026-02-04 12:45:27	1	0	15	0
   116137	2026-02-04 12:56:10	1	0	15	0
   116137	2026-02-04 12:56:12	1	0	15	0
   117099	2026-02-04 12:56:20	1	0	15	0
   118598	2026-02-04 12:59:16	1	0	15	0
   117099	2026-02-04 17:07:42	1	0	15	0
   117099	2026-02-04 17:07:44	1	0	15	0
   118598	2026-02-04 17:21:11	1	0	15	0
   117022	2026-02-04 17:42:04	1	0	15	0
   110329	2026-02-04 17:50:55	1	0	15	0
   117897	2026-02-04 18:03:11	1	0	15	0
   117897	2026-02-04 18:03:13	1	0	15	0
   118782	2026-02-04 18:03:24	1	0	15	0
   118782	2026-02-04 18:03:26	1	0	15	0
   118024	2026-02-04 18:15:55	1	0	15	0
   118024	2026-02-04 18:17:43	1	0	15	0
   110018	2026-02-04 18:31:02	1	1	15	0
   110018	2026-02-04 18:31:04	1	1	15	0
   116137	2026-02-04 18:36:00	1	1	15	0
   116137	2026-02-04 18:36:02	1	1	15	0
   118024	2026-02-05 07:15:07	1	1	15	0
   110018	2026-02-05 08:05:17	1	0	15	0
   110329	2026-02-05 08:07:09	1	0	15	0
   117099	2026-02-05 08:20:55	1	0	15	0
   118598	2026-02-05 08:31:43	1	0	15	0
   118598	2026-02-05 08:31:45	1	0	15	0
   117897	2026-02-05 08:46:26	1	0	15	0
   117022	2026-02-05 08:54:43	1	0	15	0
   118782	2026-02-05 08:57:48	1	0	15	0
   118782	2026-02-05 08:57:50	1	0	15	0
   116137	2026-02-05 09:03:50	1	0	15	0
   116137	2026-02-05 09:03:52	1	0	15	0
   117897	2026-02-05 12:00:18	1	0	15	0
   117897	2026-02-05 12:00:20	1	0	15	0
   118024	2026-02-05 12:20:32	1	0	15	0
   117897	2026-02-05 12:21:42	1	0	15	0
   118782	2026-02-05 12:21:55	1	0	15	0
   118782	2026-02-05 12:21:57	1	0	15	0
   118024	2026-02-05 12:22:25	1	0	15	0
   116137	2026-02-05 12:22:50	1	0	15	0
   118598	2026-02-05 12:24:08	1	0	15	0
   117099	2026-02-05 12:24:22	1	0	15	0
   110018	2026-02-05 12:35:39	1	1	15	0
   110018	2026-02-05 12:35:41	1	1	15	0
   117022	2026-02-05 12:37:24	1	1	15	0
   110018	2026-02-05 12:39:30	1	0	15	0
   110018	2026-02-05 12:39:31	1	0	15	0
   118598	2026-02-05 12:41:28	1	0	15	0
   117022	2026-02-05 12:41:39	1	0	15	0
   118782	2026-02-05 12:44:44	1	0	15	0
   118782	2026-02-05 12:44:46	1	0	15	0
   117099	2026-02-05 12:52:39	1	0	15	0
   116137	2026-02-05 12:52:50	1	0	15	0
   116137	2026-02-05 12:52:52	1	0	15	0
   118024	2026-02-05 17:40:45	1	0	15	0
   117897	2026-02-05 17:49:17	1	0	15	0
   117897	2026-02-05 17:49:19	1	0	15	0
   117099	2026-02-05 17:51:55	1	0	15	0
   118782	2026-02-05 17:59:08	1	0	15	0
   118782	2026-02-05 17:59:10	1	0	15	0
   118598	2026-02-05 18:05:19	1	0	15	0
   110018	2026-02-05 18:09:59	1	1	15	0
   117022	2026-02-05 18:21:59	1	1	15	0
   116137	2026-02-05 18:31:20	1	1	15	0
   118024	2026-02-06 07:29:59	1	1	15	0
   110018	2026-02-06 07:57:15	1	0	15	0
   110329	2026-02-06 08:15:32	1	0	15	0
   110329	2026-02-06 08:15:33	1	0	15	0
   117022	2026-02-06 08:28:29	1	0	15	0
   118598	2026-02-06 08:37:23	1	0	15	0
   116137	2026-02-06 08:45:45	1	0	15	0
   117897	2026-02-06 08:57:10	1	0	15	0
   117897	2026-02-06 08:57:12	1	0	15	0
   118782	2026-02-06 09:07:04	1	0	15	0
   118782	2026-02-06 09:07:06	1	0	15	0
   117897	2026-02-06 12:16:35	1	0	15	0
   118782	2026-02-06 12:19:24	1	0	15	0
   118782	2026-02-06 12:19:26	1	0	15	0
   117897	2026-02-06 12:27:53	1	0	15	0
   110018	2026-02-06 12:29:25	1	1	15	0
   110018	2026-02-06 12:32:43	1	0	15	0
   117022	2026-02-06 12:34:43	1	0	15	0
   117099	2026-02-06 12:35:40	1	0	15	0
   116137	2026-02-06 12:35:45	1	0	15	0
   118598	2026-02-06 12:40:57	1	0	15	0
   118782	2026-02-06 12:43:45	1	0	15	0
   118782	2026-02-06 12:43:46	1	0	15	0
   117022	2026-02-06 12:51:36	1	0	15	0
   116137	2026-02-06 12:51:47	1	0	15	0
   116137	2026-02-06 12:51:48	1	0	15	0
   117099	2026-02-06 12:52:19	1	0	15	0
   118024	2026-02-06 12:52:29	1	0	15	0
   118024	2026-02-06 12:52:31	1	0	15	0
   118598	2026-02-06 12:58:09	1	0	15	0
   110329	2026-02-06 16:38:28	1	0	15	0
   110329	2026-02-06 16:38:30	1	0	15	0
   117022	2026-02-06 17:38:08	1	0	15	0
   116137	2026-02-06 18:28:16	1	0	15	0
   117099	2026-02-06 18:28:20	1	0	15	0
   110018	2026-02-06 18:28:37	1	1	15	0
   110018	2026-02-06 18:28:39	1	1	15	0
   118598	2026-02-06 19:51:11	1	1	15	0
   118598	2026-02-06 19:51:13	1	1	15	0
   118024	2026-02-09 07:00:32	1	1	15	0
   118598	2026-02-09 08:27:22	1	0	15	0
   118598	2026-02-09 08:27:24	1	0	15	0
   116137	2026-02-09 08:32:03	1	0	15	0
   116137	2026-02-09 08:32:05	1	0	15	0
   118782	2026-02-09 12:07:48	1	0	15	0
   118782	2026-02-09 12:07:50	1	0	15	0
   117099	2026-02-09 12:13:08	1	0	15	0
   118024	2026-02-09 12:14:53	1	0	15	0
   118024	2026-02-09 12:14:55	1	0	15	0
   118024	2026-02-09 12:16:42	1	0	15	0
   118598	2026-02-09 12:29:22	1	0	15	0
   116137	2026-02-09 12:35:05	1	0	15	0
   117099	2026-02-09 12:35:19	1	0	15	0
   117022	2026-02-09 12:35:26	1	0	15	0
   110018	2026-02-09 12:37:17	1	1	15	0
   110018	2026-02-09 12:40:36	1	0	15	0
   110018	2026-02-09 12:40:37	1	0	15	0
   116137	2026-02-09 12:42:26	1	0	15	0
   117099	2026-02-09 12:42:32	1	0	15	0
   117099	2026-02-09 12:42:34	1	0	15	0
   117022	2026-02-09 12:44:49	1	0	15	0
   118782	2026-02-09 12:53:28	1	0	15	0
   118782	2026-02-09 12:53:34	1	0	15	0
   118598	2026-02-09 12:53:57	1	0	15	0
   118782	2026-02-09 17:03:43	1	0	15	0
   118782	2026-02-09 17:03:45	1	0	15	0
   117099	2026-02-09 17:06:17	1	0	15	0
   117099	2026-02-09 17:06:19	1	0	15	0
   118024	2026-02-09 17:06:35	1	0	15	0
   118598	2026-02-09 17:52:17	1	0	15	0
   110018	2026-02-09 17:54:17	1	1	15	0
   117022	2026-02-09 18:06:33	1	1	15	0
   116137	2026-02-09 18:27:29	1	1	15	0
   116137	2026-02-09 18:27:31	1	1	15	0
   118024	2026-02-10 07:08:23	1	1	15	0
   118024	2026-02-10 07:08:25	1	1	15	0
   110018	2026-02-10 07:34:14	1	0	15	0
   117099	2026-02-10 08:04:09	1	0	15	0
   117099	2026-02-10 08:04:11	1	0	15	0
   110329	2026-02-10 08:14:59	1	0	15	0
   118598	2026-02-10 08:20:51	1	0	15	0
   117022	2026-02-10 08:45:05	1	0	15	0
   117897	2026-02-10 08:50:21	1	0	15	0
   117897	2026-02-10 08:50:22	1	0	15	0
   116137	2026-02-10 08:56:41	1	0	15	0
   116137	2026-02-10 08:56:43	1	0	15	0
   118782	2026-02-10 09:09:59	1	0	15	0
   118782	2026-02-10 09:10:01	1	0	15	0
   118782	2026-02-10 12:01:46	1	0	15	0
   118782	2026-02-10 12:01:48	1	0	15	0
   110018	2026-02-10 12:02:21	1	1	15	0
   110018	2026-02-10 12:02:22	1	1	15	0
   117022	2026-02-10 12:11:30	1	1	15	0
   117022	2026-02-10 12:11:32	1	1	15	0
   118598	2026-02-10 12:20:39	1	1	15	0
   117099	2026-02-10 12:21:06	1	1	15	0
   116137	2026-02-10 12:21:35	1	1	15	0
   110018	2026-02-10 12:22:28	1	0	15	0
   117022	2026-02-10 12:25:17	1	0	15	0
   117022	2026-02-10 12:25:18	1	0	15	0
   117897	2026-02-10 12:29:18	1	0	15	0
   118782	2026-02-10 12:29:25	1	0	15	0
   117099	2026-02-10 12:37:11	1	0	15	0
   116137	2026-02-10 12:37:27	1	0	15	0
   116137	2026-02-10 12:37:29	1	0	15	0
   118598	2026-02-10 12:37:40	1	0	15	0
   118598	2026-02-10 12:37:42	1	0	15	0
   117897	2026-02-10 12:42:20	1	0	15	0
   117897	2026-02-10 12:42:22	1	0	15	0
   118024	2026-02-10 12:48:27	1	0	15	0
   118024	2026-02-10 12:51:15	1	0	15	0
   117897	2026-02-10 17:55:40	1	0	15	0
   117099	2026-02-10 18:00:49	1	0	15	0
   117099	2026-02-10 18:00:51	1	0	15	0
   117022	2026-02-10 18:14:40	1	0	15	0
   117022	2026-02-10 18:14:42	1	0	15	0
   118782	2026-02-10 18:18:06	1	0	15	0
   110018	2026-02-10 18:19:11	1	1	15	0
   116137	2026-02-10 18:39:09	1	1	15	0
   118598	2026-02-10 18:43:26	1	1	15	0
   118024	2026-02-11 07:12:11	1	1	15	0
   118024	2026-02-11 07:12:13	1	1	15	0
   110018	2026-02-11 07:32:22	1	0	15	0
   117099	2026-02-11 07:55:07	1	0	15	0
   117022	2026-02-11 08:44:23	1	0	15	0
   116137	2026-02-11 08:46:45	1	0	15	0
   117897	2026-02-11 08:47:02	1	0	15	0
   117897	2026-02-11 08:47:04	1	0	15	0
   118598	2026-02-11 08:56:20	1	0	15	0
   118782	2026-02-11 08:56:27	1	0	15	0
   117022	2026-02-11 12:00:56	1	0	15	0
   118024	2026-02-11 12:01:45	1	0	15	0
   118024	2026-02-11 12:01:47	1	0	15	0
   118024	2026-02-11 12:03:19	1	0	15	0
   118024	2026-02-11 12:03:21	1	0	15	0
   118782	2026-02-11 12:08:37	1	0	15	0
   118782	2026-02-11 12:08:39	1	0	15	0
   117099	2026-02-11 12:12:50	1	0	15	0
   117099	2026-02-11 12:12:52	1	0	15	0
   118598	2026-02-11 12:13:08	1	0	15	0
   118598	2026-02-11 12:13:09	1	0	15	0
   117897	2026-02-11 12:13:15	1	0	15	0
   117897	2026-02-11 12:13:17	1	0	15	0
   116137	2026-02-11 12:13:40	1	0	15	0
   116137	2026-02-11 12:13:41	1	0	15	0
   118598	2026-02-11 12:22:54	1	0	15	0
   110018	2026-02-11 12:23:50	1	1	15	0
   110018	2026-02-11 12:29:24	1	0	15	0
   110018	2026-02-11 12:29:26	1	0	15	0
   117897	2026-02-11 12:29:34	1	0	15	0
   117897	2026-02-11 12:29:36	1	0	15	0
   118782	2026-02-11 12:29:43	1	0	15	0
   118782	2026-02-11 12:29:44	1	0	15	0
   117022	2026-02-11 12:29:51	1	0	15	0
   117022	2026-02-11 12:29:52	1	0	15	0
   116137	2026-02-11 12:30:02	1	0	15	0
   117099	2026-02-11 12:30:13	1	0	15	0
   117099	2026-02-11 12:30:15	1	0	15	0
   117099	2026-02-11 17:32:51	1	0	15	0
   117099	2026-02-11 17:32:53	1	0	15	0
   110329	2026-02-11 17:42:29	1	0	15	0
   117897	2026-02-11 17:48:49	1	0	15	0
   117897	2026-02-11 17:48:51	1	0	15	0
   118782	2026-02-11 17:58:10	1	0	15	0
   118782	2026-02-11 17:58:12	1	0	15	0
   110018	2026-02-11 18:03:07	1	1	15	0
   118598	2026-02-11 18:15:53	1	1	15	0
   118598	2026-02-11 18:15:55	1	1	15	0
   116137	2026-02-11 18:26:48	1	1	15	0
   117022	2026-02-11 18:36:32	1	1	15	0
   118024	2026-02-11 18:45:39	1	1	15	0
   118024	2026-02-12 07:15:21	1	1	15	0
   110018	2026-02-12 07:37:58	1	0	15	0
   117099	2026-02-12 07:58:34	1	0	15	0
   117022	2026-02-12 08:45:19	1	0	15	0
   117022	2026-02-12 08:45:21	1	0	15	0
   116137	2026-02-12 08:51:12	1	0	15	0
   117897	2026-02-12 08:52:57	1	0	15	0
   117897	2026-02-12 08:52:59	1	0	15	0
   118782	2026-02-12 08:53:59	1	0	15	0
   118782	2026-02-12 08:54:03	1	0	15	0
   118598	2026-02-12 09:35:32	1	0	15	0
   118024	2026-02-12 12:01:50	1	0	15	0
   118024	2026-02-12 12:04:24	1	0	15	0
   117897	2026-02-12 12:05:58	1	0	15	0
   117897	2026-02-12 12:06:00	1	0	15	0
   118782	2026-02-12 12:07:23	1	0	15	0
   118782	2026-02-12 12:07:25	1	0	15	0
   118782	2026-02-12 12:07:27	1	0	15	0
   117022	2026-02-12 12:12:21	1	0	15	0
   118782	2026-02-12 12:12:30	1	0	15	0
   118782	2026-02-12 12:12:31	1	0	15	0
   110018	2026-02-12 12:19:57	1	1	15	0
   117099	2026-02-12 12:24:08	1	1	15	0
   110018	2026-02-12 12:25:18	1	0	15	0
   118598	2026-02-12 12:26:45	1	0	15	0
   116137	2026-02-12 12:27:17	1	0	15	0
   116137	2026-02-12 12:27:18	1	0	15	0
   116137	2026-02-12 12:33:09	1	0	15	0
   117099	2026-02-12 12:35:29	1	0	15	0
   117897	2026-02-12 12:39:09	1	0	15	0
   117897	2026-02-12 12:39:11	1	0	15	0
   117022	2026-02-12 12:47:47	1	0	15	0
   118598	2026-02-12 12:50:36	1	0	15	0
   117099	2026-02-12 17:29:18	1	0	15	0
   118598	2026-02-12 18:00:32	1	0	15	0
   117897	2026-02-12 18:00:59	1	0	15	0
   117897	2026-02-12 18:01:00	1	0	15	0
   118782	2026-02-12 18:06:13	1	0	15	0
   118782	2026-02-12 18:06:15	1	0	15	0
   118782	2026-02-12 18:06:17	1	0	15	0
   116137	2026-02-12 18:20:53	1	0	15	0
   117022	2026-02-12 18:28:31	1	0	15	0
   117022	2026-02-12 18:28:33	1	0	15	0
   110018	2026-02-12 18:29:45	1	1	15	0
   110018	2026-02-12 18:29:47	1	1	15	0
   118024	2026-02-12 18:53:48	1	1	15	0
   118598	2026-02-13 07:05:27	1	1	15	0
   118024	2026-02-13 07:28:36	1	1	15	0
   118024	2026-02-13 07:28:38	1	1	15	0
   110018	2026-02-13 07:48:03	1	0	15	0
   110018	2026-02-13 07:48:04	1	0	15	0
   117897	2026-02-13 07:51:05	1	0	15	0
   117897	2026-02-13 07:51:07	1	0	15	0
   117099	2026-02-13 08:02:32	1	0	15	0
   117022	2026-02-13 08:50:41	1	0	15	0
   117022	2026-02-13 08:50:43	1	0	15	0
   116137	2026-02-13 08:55:05	1	0	15	0
   118782	2026-02-13 09:13:10	1	0	15	0
   118782	2026-02-13 09:13:19	1	0	15	0
   110018	2026-02-13 12:03:53	1	1	15	0
   110018	2026-02-13 12:08:14	1	0	15	0
   117022	2026-02-13 12:12:05	1	0	15	0
   117897	2026-02-13 12:12:19	1	0	15	0
   118782	2026-02-13 12:13:42	1	0	15	0
   118782	2026-02-13 12:13:44	1	0	15	0
   117897	2026-02-13 12:18:28	1	0	15	0
   117897	2026-02-13 12:18:30	1	0	15	0
   118782	2026-02-13 12:18:36	1	0	15	0
   117022	2026-02-13 12:19:31	1	0	15	0
   117022	2026-02-13 12:19:33	1	0	15	0
   118598	2026-02-13 12:26:25	1	0	15	0
   116137	2026-02-13 12:26:49	1	0	15	0
   117099	2026-02-13 12:28:23	1	0	15	0
   118024	2026-02-13 12:28:58	1	0	15	0
   118024	2026-02-13 12:29:00	1	0	15	0
   116137	2026-02-13 12:36:49	1	0	15	0
   116137	2026-02-13 12:36:51	1	0	15	0
   117099	2026-02-13 12:38:04	1	0	15	0
   117099	2026-02-13 12:38:06	1	0	15	0
   118598	2026-02-13 12:50:32	1	0	15	0
   118598	2026-02-13 12:50:34	1	0	15	0
   118024	2026-02-13 12:50:43	1	0	15	0
   117897	2026-02-13 15:37:02	1	0	15	0
   118598	2026-02-13 16:37:50	1	0	15	0
   118782	2026-02-13 17:10:02	1	0	15	0
   110018	2026-02-13 17:50:24	1	1	15	0
   110018	2026-02-13 17:50:26	1	1	15	0
   110329	2026-02-13 17:58:32	1	1	15	0
   110329	2026-02-13 17:58:34	1	1	15	0
   118024	2026-02-16 07:21:34	1	1	15	0
   117022	2026-02-16 07:23:33	1	1	15	0
   110329	2026-02-16 07:50:54	1	1	15	0
   110329	2026-02-16 07:50:55	1	1	15	0
   118598	2026-02-16 07:54:03	1	0	15	0
   117099	2026-02-16 07:55:20	1	0	15	0
   117099	2026-02-16 07:55:22	1	0	15	0
   118782	2026-02-16 08:03:42	1	0	15	0
   118782	2026-02-16 08:03:43	1	0	15	0
   116137	2026-02-16 08:29:26	1	0	15	0
   118024	2026-02-16 12:02:31	1	0	15	0
   118024	2026-02-16 12:04:09	1	0	15	0
   118782	2026-02-16 12:05:22	1	0	15	0
   118782	2026-02-16 12:05:27	1	0	15	0
   117022	2026-02-16 12:18:39	1	0	15	0
   117022	2026-02-16 12:18:40	1	0	15	0
   118598	2026-02-16 12:18:50	1	0	15	0
   118598	2026-02-16 12:18:52	1	0	15	0
   117099	2026-02-16 12:18:58	1	0	15	0
   116137	2026-02-16 12:19:03	1	0	15	0
   118598	2026-02-16 12:25:51	1	0	15	0
   118598	2026-02-16 12:25:52	1	0	15	0
   118782	2026-02-16 12:31:21	1	0	15	0
   118782	2026-02-16 12:31:28	1	0	15	0
   117022	2026-02-16 12:32:27	1	0	15	0
   117099	2026-02-16 12:47:39	1	0	15	0
   116137	2026-02-16 12:48:50	1	0	15	0
   118598	2026-02-16 17:16:53	1	0	15	0
   118598	2026-02-16 17:16:55	1	0	15	0
   118024	2026-02-16 17:27:00	1	0	15	0
   110329	2026-02-16 17:29:08	1	0	15	0
   118782	2026-02-16 17:29:47	1	0	15	0
   118782	2026-02-16 17:29:49	1	0	15	0
   117022	2026-02-16 17:54:35	1	0	15	0
   117022	2026-02-16 17:54:37	1	0	15	0
   117099	2026-02-16 17:55:23	1	0	15	0
   116137	2026-02-16 18:01:14	1	0	15	0
   117897	2026-02-18 07:47:01	1	0	15	0
   117897	2026-02-18 07:47:03	1	0	15	0
   118598	2026-02-18 07:55:57	1	0	15	0
   110018	2026-02-18 07:58:35	1	0	15	0
   110018	2026-02-18 07:58:37	1	0	15	0
   118782	2026-02-18 08:01:50	1	0	15	0
   118782	2026-02-18 08:01:54	1	0	15	0
   118024	2026-02-18 08:06:16	1	0	15	0
   110329	2026-02-18 08:22:40	1	0	15	0
   117022	2026-02-18 08:51:35	1	0	15	0
   116137	2026-02-18 09:01:19	1	0	15	0
   118024	2026-02-18 12:01:17	1	0	15	0
   118024	2026-02-18 12:03:05	1	0	15	0
   118024	2026-02-18 12:03:07	1	0	15	0
   118598	2026-02-18 12:11:38	1	0	15	0
   117897	2026-02-18 12:21:33	1	0	15	0
   118782	2026-02-18 12:21:55	1	0	15	0
   118782	2026-02-18 12:21:57	1	0	15	0
   116137	2026-02-18 12:23:34	1	0	15	0
   117022	2026-02-18 12:25:35	1	0	15	0
   118782	2026-02-18 12:26:54	1	0	15	0
   118782	2026-02-18 12:26:56	1	0	15	0
   117897	2026-02-18 12:27:00	1	0	15	0
   110018	2026-02-18 12:47:01	1	1	15	0
   110018	2026-02-18 12:47:03	1	1	15	0
   116137	2026-02-18 12:47:38	1	1	15	0
   116137	2026-02-18 12:47:40	1	1	15	0
   117022	2026-02-18 12:49:12	1	1	15	0
   117022	2026-02-18 12:49:14	1	1	15	0
   110018	2026-02-18 12:53:07	1	0	15	0
   118598	2026-02-18 12:57:31	1	0	15	0
   118598	2026-02-18 12:57:33	1	0	15	0
   118782	2026-02-18 17:02:57	1	0	15	0
   117897	2026-02-18 17:03:56	1	0	15	0
   117897	2026-02-18 17:03:58	1	0	15	0
   118024	2026-02-18 17:15:22	1	0	15	0
   118598	2026-02-18 17:17:49	1	0	15	0
   118598	2026-02-18 17:17:51	1	0	15	0
   110329	2026-02-18 17:44:03	1	0	15	0
   110329	2026-02-18 17:44:05	1	0	15	0
   110018	2026-02-18 17:47:21	1	1	15	0
   116137	2026-02-18 18:02:55	1	1	15	0
   118598	2026-02-18 18:46:26	1	1	15	0
   117022	2026-02-18 19:31:51	1	1	15	0
   117022	2026-02-18 19:31:53	1	1	15	0
   117897	2026-02-19 07:52:33	1	1	15	0
   110018	2026-02-19 08:02:55	1	0	15	0
   117099	2026-02-19 08:03:33	1	0	15	0
   116137	2026-02-19 08:50:40	1	0	15	0
   118782	2026-02-19 09:00:03	1	0	15	0
   118782	2026-02-19 09:00:05	1	0	15	0
   117099	2026-02-19 12:06:00	1	0	15	0
   118024	2026-02-19 12:06:58	1	0	15	0
   118024	2026-02-19 12:09:43	1	0	15	0
   118024	2026-02-19 12:10:34	1	0	15	0
   117099	2026-02-19 12:13:20	1	0	15	0
   116137	2026-02-19 12:44:24	1	0	15	0
   116137	2026-02-19 12:44:26	1	0	15	0
   110018	2026-02-19 12:44:59	1	1	15	0
   110018	2026-02-19 12:50:38	1	0	15	0
   110018	2026-02-19 12:50:40	1	0	15	0
   116137	2026-02-19 12:52:06	1	0	15	0
   118782	2026-02-19 12:54:57	1	0	15	0
   118782	2026-02-19 12:54:59	1	0	15	0
   118782	2026-02-19 12:59:08	1	0	15	0
   110329	2026-02-19 17:15:03	1	0	15	0
   110329	2026-02-19 17:15:05	1	0	15	0
   117099	2026-02-19 17:22:11	1	0	15	0
   110018	2026-02-19 17:54:48	1	1	15	0
   117897	2026-02-19 18:10:45	1	1	15	0
   117897	2026-02-19 18:10:47	1	1	15	0
   118782	2026-02-19 18:10:57	1	1	15	0
   116137	2026-02-19 18:23:41	1	1	15	0
   118024	2026-02-19 18:28:58	1	1	15	0
   110018	2026-02-20 08:05:05	1	0	15	0
   110018	2026-02-20 08:05:07	1	0	15	0
   117897	2026-02-20 08:19:19	1	0	15	0
   118782	2026-02-20 08:52:37	1	0	15	0
   118782	2026-02-20 08:52:40	1	0	15	0
   116137	2026-02-20 08:59:40	1	0	15	0
   116137	2026-02-20 12:08:07	1	0	15	0
   117897	2026-02-20 12:10:08	1	0	15	0
   118782	2026-02-20 12:11:00	1	0	15	0
   116137	2026-02-20 12:17:55	1	0	15	0
   117099	2026-02-20 12:18:01	1	0	15	0
   118782	2026-02-20 12:25:33	1	0	15	0
   118782	2026-02-20 12:25:35	1	0	15	0
   117897	2026-02-20 12:30:17	1	0	15	0
   117897	2026-02-20 12:30:19	1	0	15	0
   110018	2026-02-20 12:46:37	1	1	15	0
   110018	2026-02-20 12:46:38	1	1	15	0
   110018	2026-02-20 12:47:48	1	0	15	0
   117099	2026-02-20 12:49:01	1	0	15	0
   117099	2026-02-20 12:49:03	1	0	15	0
   117099	2026-02-20 12:53:15	1	0	15	0
   117099	2026-02-20 17:29:04	1	0	15	0
   117099	2026-02-20 17:29:06	1	0	15	0
   110018	2026-02-20 17:51:30	1	1	15	0
   116137	2026-02-20 18:23:16	1	1	15	0
   116137	2026-02-20 18:23:18	1	1	15	0
   117022	2026-02-23 07:01:43	1	1	15	0
   118024	2026-02-23 07:36:02	1	1	15	0
   118024	2026-02-23 07:36:04	1	1	15	0
   110018	2026-02-23 07:41:23	1	0	15	0
   110018	2026-02-23 07:41:25	1	0	15	0
   110329	2026-02-23 07:45:21	1	0	15	0
   118598	2026-02-23 08:20:55	1	0	15	0
   118782	2026-02-23 08:31:49	1	0	15	0
   117897	2026-02-23 08:35:34	1	0	15	0
   117099	2026-02-23 08:37:48	1	0	15	0
   116137	2026-02-23 08:48:25	1	0	15	0
   118598	2026-02-23 12:08:23	1	0	15	0
   118598	2026-02-23 12:08:25	1	0	15	0
   117897	2026-02-23 12:12:42	1	0	15	0
   117897	2026-02-23 12:12:43	1	0	15	0
   118782	2026-02-23 12:12:48	1	0	15	0
   118782	2026-02-23 12:12:50	1	0	15	0
   118024	2026-02-23 12:14:03	1	0	15	0
   118598	2026-02-23 12:14:49	1	0	15	0
   118024	2026-02-23 12:15:26	1	0	15	0
   116137	2026-02-23 12:18:19	1	0	15	0
   116137	2026-02-23 12:18:21	1	0	15	0
   117099	2026-02-23 12:18:27	1	0	15	0
   117099	2026-02-23 12:18:29	1	0	15	0
   110018	2026-02-23 12:19:08	1	1	15	0
   117897	2026-02-23 12:19:13	1	1	15	0
   117897	2026-02-23 12:19:15	1	1	15	0
   118782	2026-02-23 12:19:18	1	1	15	0
   118782	2026-02-23 12:19:22	1	1	15	0
   110018	2026-02-23 12:23:53	1	0	15	0
   110018	2026-02-23 12:23:55	1	0	15	0
   116137	2026-02-23 12:31:17	1	0	15	0
   117099	2026-02-23 12:31:26	1	0	15	0
   117099	2026-02-23 12:31:28	1	0	15	0
   110329	2026-02-23 17:07:42	1	0	15	0
   118782	2026-02-23 17:07:48	1	0	15	0
   118782	2026-02-23 17:07:50	1	0	15	0
   117897	2026-02-23 17:07:55	1	0	15	0
   117099	2026-02-23 17:22:34	1	0	15	0
   118024	2026-02-23 17:24:44	1	0	15	0
   118024	2026-02-23 17:24:46	1	0	15	0
   117022	2026-02-23 17:41:25	1	0	15	0
   118598	2026-02-23 17:50:01	1	0	15	0
   118598	2026-02-23 17:50:03	1	0	15	0
   110018	2026-02-23 17:56:36	1	1	15	0
   110018	2026-02-23 17:56:38	1	1	15	0
   116137	2026-02-23 17:57:18	1	1	15	0
   118024	2026-02-24 07:49:21	1	1	15	0
   110018	2026-02-24 07:57:25	1	0	15	0
   110018	2026-02-24 07:57:27	1	0	15	0
   117099	2026-02-24 08:07:14	1	0	15	0
   117022	2026-02-24 08:32:03	1	0	15	0
   117022	2026-02-24 08:32:05	1	0	15	0
   116137	2026-02-24 08:51:41	1	0	15	0
   117897	2026-02-24 08:54:03	1	0	15	0
   117897	2026-02-24 08:54:05	1	0	15	0
   118598	2026-02-24 08:54:36	1	0	15	0
   118782	2026-02-24 09:02:58	1	0	15	0
   117022	2026-02-24 12:05:40	1	0	15	0
   118024	2026-02-24 12:08:21	1	0	15	0
   117897	2026-02-24 12:18:52	1	0	15	0
   117897	2026-02-24 12:18:54	1	0	15	0
   118024	2026-02-24 12:21:12	1	0	15	0
   117022	2026-02-24 12:22:13	1	0	15	0
   117022	2026-02-24 12:22:15	1	0	15	0
   110018	2026-02-24 12:28:13	1	1	15	0
   117897	2026-02-24 12:29:35	1	1	15	0
   117897	2026-02-24 12:29:37	1	1	15	0
   118598	2026-02-24 12:30:50	1	1	15	0
   118598	2026-02-24 12:30:52	1	1	15	0
   110018	2026-02-24 12:34:36	1	0	15	0
   110018	2026-02-24 12:34:38	1	0	15	0
   118598	2026-02-24 12:34:53	1	0	15	0
   118782	2026-02-24 12:35:33	1	0	15	0
   117099	2026-02-24 12:35:40	1	0	15	0
   116137	2026-02-24 12:35:47	1	0	15	0
   118782	2026-02-24 12:41:50	1	0	15	0
   117099	2026-02-24 12:50:01	1	0	15	0
   117099	2026-02-24 12:50:02	1	0	15	0
   116137	2026-02-24 12:50:16	1	0	15	0
   116137	2026-02-24 12:50:18	1	0	15	0
   110329	2026-02-24 17:26:55	1	0	15	0
   118024	2026-02-24 17:45:35	1	0	15	0
   117099	2026-02-24 17:48:11	1	0	15	0
   110018	2026-02-24 18:00:41	1	1	15	0
   117897	2026-02-24 18:06:36	1	1	15	0
   117897	2026-02-24 18:06:38	1	1	15	0
   118782	2026-02-24 18:06:56	1	1	15	0
   118782	2026-02-24 18:06:59	1	1	15	0
   118598	2026-02-24 18:33:33	1	1	15	0
   116137	2026-02-24 18:46:06	1	1	15	0
   117022	2026-02-24 19:05:06	1	1	15	0
   117022	2026-02-24 19:05:08	1	1	15	0
   118024	2026-02-25 07:15:23	1	1	15	0
   110018	2026-02-25 07:58:39	1	0	15	0
   117022	2026-02-25 08:19:32	1	0	15	0
   117099	2026-02-25 08:19:38	1	0	15	0
   118598	2026-02-25 08:40:39	1	0	15	0
   117897	2026-02-25 08:49:42	1	0	15	0
   117897	2026-02-25 08:49:44	1	0	15	0
   116137	2026-02-25 08:54:12	1	0	15	0
   116137	2026-02-25 08:54:14	1	0	15	0
   118782	2026-02-25 08:58:02	1	0	15	0
   118782	2026-02-25 08:58:05	1	0	15	0
   118782	2026-02-25 08:58:06	1	0	15	0
   117897	2026-02-25 12:02:17	1	0	15	0
   117897	2026-02-25 12:02:19	1	0	15	0
   118782	2026-02-25 12:04:29	1	0	15	0
   117897	2026-02-25 12:13:33	1	0	15	0
   118782	2026-02-25 12:13:40	1	0	15	0
   118782	2026-02-25 12:13:42	1	0	15	0
   118024	2026-02-25 12:18:19	1	0	15	0
   117022	2026-02-25 12:18:23	1	0	15	0
   116137	2026-02-25 12:27:49	1	0	15	0
   117099	2026-02-25 12:27:54	1	0	15	0
   117022	2026-02-25 12:28:21	1	0	15	0
   117022	2026-02-25 12:28:23	1	0	15	0
   118024	2026-02-25 12:32:31	1	0	15	0
   118598	2026-02-25 12:36:26	1	1	15	0
   117099	2026-02-25 12:38:50	1	1	15	0
   110018	2026-02-25 12:40:11	1	1	15	0
   110018	2026-02-25 12:40:12	1	1	15	0
   116137	2026-02-25 12:41:05	1	1	15	0
   110018	2026-02-25 12:44:38	1	0	15	0
   118598	2026-02-25 12:52:26	1	0	15	0
   118024	2026-02-25 17:02:00	1	0	15	0
   110329	2026-02-25 17:11:13	1	0	15	0
   110329	2026-02-25 17:11:15	1	0	15	0
   110018	2026-02-25 17:41:56	1	1	15	0
   110018	2026-02-25 17:41:58	1	1	15	0
   117099	2026-02-25 17:50:36	1	1	15	0
   117099	2026-02-25 17:50:38	1	1	15	0
   118598	2026-02-25 17:52:54	1	1	15	0
   118598	2026-02-25 17:52:56	1	1	15	0
   117897	2026-02-25 18:00:56	1	1	15	0
   116137	2026-02-25 18:33:39	1	1	15	0
   117022	2026-02-25 18:39:32	1	1	15	0
   117022	2026-02-25 18:39:34	1	1	15	0
   118782	2026-02-25 19:44:18	1	1	15	0
   118782	2026-02-25 19:44:20	1	1	15	0
   118024	2026-02-26 07:11:37	1	1	15	0
   110329	2026-02-26 07:35:15	1	1	15	0
   110329	2026-02-26 07:35:17	1	1	15	0
   110018	2026-02-26 08:05:04	1	0	15	0
   117099	2026-02-26 08:23:16	1	0	15	0
   118598	2026-02-26 08:35:13	1	0	15	0
   118782	2026-02-26 08:47:58	1	0	15	0
   117022	2026-02-26 09:00:00	1	0	15	0
   117022	2026-02-26 09:00:02	1	0	15	0
   117897	2026-02-26 09:00:08	1	0	15	0
   117897	2026-02-26 09:00:10	1	0	15	0
   116137	2026-02-26 09:37:42	1	0	15	0
   118024	2026-02-26 12:02:36	1	0	15	0
   117897	2026-02-26 12:03:39	1	0	15	0
   117897	2026-02-26 12:03:41	1	0	15	0
   118024	2026-02-26 12:04:30	1	0	15	0
   118598	2026-02-26 12:05:22	1	0	15	0
   117897	2026-02-26 12:07:50	1	0	15	0
   117897	2026-02-26 12:07:51	1	0	15	0
   117022	2026-02-26 12:12:23	1	0	15	0
   118782	2026-02-26 12:20:40	1	0	15	0
   110018	2026-02-26 12:25:19	1	1	15	0
   110018	2026-02-26 12:25:20	1	1	15	0
   117022	2026-02-26 12:29:56	1	1	15	0
   110018	2026-02-26 12:30:53	1	0	15	0
   110018	2026-02-26 12:30:55	1	0	15	0
   118598	2026-02-26 12:36:06	1	0	15	0
   117099	2026-02-26 12:36:28	1	0	15	0
   116137	2026-02-26 12:37:06	1	0	15	0
   116137	2026-02-26 12:37:08	1	0	15	0
   118782	2026-02-26 12:43:19	1	0	15	0
   116137	2026-02-26 12:45:55	1	0	15	0
   117099	2026-02-26 12:46:08	1	0	15	0
   110329	2026-02-26 16:16:36	1	0	15	0
   118024	2026-02-26 17:00:07	1	0	15	0
   117099	2026-02-26 17:38:18	1	0	15	0
   110018	2026-02-26 17:43:19	1	1	15	0
   110018	2026-02-26 17:43:21	1	1	15	0
   117897	2026-02-26 18:00:07	1	1	15	0
   117897	2026-02-26 18:00:09	1	1	15	0
   116137	2026-02-26 18:07:14	1	1	15	0
   118782	2026-02-26 18:09:45	1	1	15	0
   118598	2026-02-26 18:25:31	1	1	15	0
   118598	2026-02-26 18:25:33	1	1	15	0
   117022	2026-02-26 18:43:48	1	1	15	0
   117022	2026-02-26 18:43:50	1	1	15	0
   117897	2026-02-27 06:52:44	1	1	15	0
   118024	2026-02-27 07:15:16	1	1	15	0
   118598	2026-02-27 07:34:28	1	1	15	0
   110018	2026-02-27 08:01:42	1	0	15	0
   118782	2026-02-27 08:24:48	1	0	15	0
   117022	2026-02-27 08:36:51	1	0	15	0
   117022	2026-02-27 08:36:53	1	0	15	0
   116137	2026-02-27 09:09:56	1	0	15	0
   117897	2026-02-27 12:00:27	1	0	15	0
   117897	2026-02-27 12:00:29	1	0	15	0
   117022	2026-02-27 12:09:59	1	0	15	0
   117022	2026-02-27 12:10:01	1	0	15	0
   118782	2026-02-27 12:25:54	1	0	15	0
   118782	2026-02-27 12:25:56	1	0	15	0
   117022	2026-02-27 12:27:43	1	0	15	0
   117897	2026-02-27 12:29:57	1	0	15	0
   116137	2026-02-27 12:30:46	1	0	15	0
   117099	2026-02-27 12:33:28	1	0	15	0
   116137	2026-02-27 12:39:19	1	0	15	0
   118598	2026-02-27 12:40:20	1	0	15	0
   118598	2026-02-27 12:40:22	1	0	15	0
   118598	2026-02-27 12:45:46	1	0	15	0
   118598	2026-02-27 12:45:48	1	0	15	0
   118024	2026-02-27 13:01:01	1	0	15	0
   118024	2026-02-27 13:01:03	1	0	15	0
   110329	2026-02-27 15:40:17	1	0	15	0
   110329	2026-02-27 15:40:19	1	0	15	0
   118024	2026-02-27 16:07:42	1	0	15	0
   118024	2026-02-27 16:07:44	1	0	15	0
   117897	2026-02-27 16:10:27	1	0	15	0
   118598	2026-02-27 16:46:52	1	0	15	0
   110018	2026-02-27 17:22:35	1	1	15	0
   118782	2026-02-27 17:40:32	1	1	15	0
   118782	2026-02-27 17:40:34	1	1	15	0
   117022	2026-02-27 17:40:55	1	1	15	0
   117022	2026-02-27 17:41:51	1	1	15	0
   117022	2026-02-27 17:41:53	1	1	15	0
   117099	2026-02-27 18:06:02	1	1	15	0
   116137	2026-02-27 18:20:22	1	1	15	0
