        117807	2026-07-09 16:33:14	1	255	1	0
        117837	2026-07-09 16:33:20	1	255	1	0
        110006	2026-07-09 16:39:16	1	255	1	0
        117966	2026-07-09 16:39:34	1	255	15	0
        116825	2026-07-13 07:17:27	1	255	1	0
        117966	2026-07-13 07:37:25	1	255	15	0
        117966	2026-07-13 12:06:24	1	255	15	0
        117769	2026-07-13 12:06:32	1	255	1	0
        117838	2026-07-13 12:06:42	1	255	1	0
        117966	2026-07-13 12:20:46	1	255	15	0
        116825	2026-07-13 12:21:08	1	255	1	0
        117769	2026-07-13 12:21:14	1	255	1	0
        117838	2026-07-13 12:21:22	1	255	1	0
        116825	2026-07-13 12:30:13	1	255	1	0
        117966	2026-07-13 18:00:05	1	255	15	0
        110002	2026-07-13 18:01:42	1	255	1	0
        117839	2026-07-13 18:01:57	1	255	1	0
        117838	2026-07-13 18:02:25	1	255	1	0
        117483	2026-07-13 18:06:09	1	255	15	0
        116825	2026-07-13 18:12:39	1	255	1	0
        110574	2026-07-14 06:24:27	1	255	1	0
        117769	2026-07-14 07:04:10	1	255	1	0
        117231	2026-07-14 07:08:37	1	255	1	0
        117231	2026-07-14 07:09:59	1	255	1	0
        116825	2026-07-14 07:13:09	1	255	1	0
        117645	2026-07-14 07:16:29	1	255	1	0
        117840	2026-07-14 07:17:11	1	255	1	0
        117839	2026-07-14 07:22:25	1	255	1	0
        116995	2026-07-14 07:36:03	1	255	1	0
        117742	2026-07-14 08:07:44	1	255	1	0
        117742	2026-07-14 12:00:17	1	255	1	0
        110574	2026-07-14 12:00:28	1	255	1	0
        117645	2026-07-14 12:00:41	1	255	1	0
        117840	2026-07-14 12:01:10	1	255	1	0
        117966	2026-07-14 12:02:21	1	255	15	0
        116995	2026-07-14 12:03:52	1	255	1	0
        116825	2026-07-14 12:04:01	1	255	1	0
        110574	2026-07-14 12:06:44	1	255	1	0
        117742	2026-07-14 12:07:04	1	255	1	0
        117645	2026-07-14 12:09:44	1	255	1	0
        117840	2026-07-14 12:10:50	1	255	1	0
        117838	2026-07-14 12:13:20	1	255	1	0
        110003	2026-07-14 12:13:53	1	255	1	0
        117769	2026-07-14 12:13:59	1	255	1	0
        116825	2026-07-14 12:14:04	1	255	1	0
        117966	2026-07-14 12:15:58	1	255	15	0
        117769	2026-07-14 12:24:35	1	255	1	0
        117839	2026-07-14 12:27:36	1	255	1	0
        117838	2026-07-14 12:28:11	1	255	1	0
        117839	2026-07-14 12:35:22	1	255	1	0
        116995	2026-07-14 12:52:55	1	255	1	0
        117966	2026-07-14 15:04:18	1	255	15	0
        117838	2026-07-14 18:03:06	1	255	1	0
        110574	2026-07-14 18:05:07	1	255	1	0
        117483	2026-07-14 18:07:50	1	255	1	0
        116825	2026-07-14 18:14:21	1	255	1	0
        117840	2026-07-14 18:18:04	1	255	1	0
        117645	2026-07-14 18:19:36	1	255	1	0
        117839	2026-07-14 18:24:30	1	255	1	0
        116995	2026-07-14 18:40:21	1	255	1	0
        117742	2026-07-14 19:16:21	1	255	1	0
        117936	2026-07-15 06:48:57	1	255	1	0
        117645	2026-07-15 06:57:27	1	255	1	0
        110574	2026-07-15 06:57:53	1	255	1	0
        116825	2026-07-15 07:19:38	1	255	1	0
        117840	2026-07-15 07:22:56	1	255	1	0
        117982	2026-07-15 07:23:00	1	255	1	0
        117742	2026-07-15 07:49:42	1	255	1	0
        116995	2026-07-15 07:51:54	1	255	1	0
        117839	2026-07-15 08:05:19	1	255	1	0
        116990	2026-07-15 12:00:57	1	255	1	0
        116995	2026-07-15 12:02:00	1	255	1	0
        117742	2026-07-15 12:02:04	1	255	1	0
        117840	2026-07-15 12:02:24	1	255	1	0
        117982	2026-07-15 12:02:34	1	255	1	0
        110574	2026-07-15 12:02:41	1	255	1	0
        117483	2026-07-15 12:03:18	1	255	1	0
        116825	2026-07-15 12:04:26	1	255	1	0
        117936	2026-07-15 12:04:32	1	255	1	0
        117815	2026-07-15 12:06:31	1	255	1	0
        117838	2026-07-15 12:07:39	1	255	1	0
        117811	2026-07-15 12:07:47	1	255	1	0
        116069	2026-07-15 12:09:53	1	255	1	0
        117839	2026-07-15 12:10:01	1	255	1	0
        117982	2026-07-15 12:10:09	1	255	1	0
        116990	2026-07-15 12:10:20	1	255	1	0
        110574	2026-07-15 12:10:45	1	255	1	0
        117966	2026-07-15 12:12:23	1	255	15	0
        117769	2026-07-15 12:12:28	1	255	1	0
        116825	2026-07-15 12:12:33	1	255	1	0
        117815	2026-07-15 12:13:04	1	255	1	0
        117840	2026-07-15 12:13:51	1	255	1	0
        117936	2026-07-15 12:14:01	1	255	1	0
        117838	2026-07-15 12:19:11	1	255	1	0
        117645	2026-07-15 12:20:57	1	255	1	0
        117811	2026-07-15 12:21:04	1	255	1	0
        116995	2026-07-15 12:21:51	1	255	1	0
        117839	2026-07-15 12:21:59	1	255	1	0
        117742	2026-07-15 12:22:12	1	255	1	0
        116096	2026-07-15 12:23:03	1	255	1	0
        117645	2026-07-15 12:25:02	1	255	1	0
        117966	2026-07-15 12:25:36	1	255	15	0
        117769	2026-07-15 12:26:30	1	255	1	0
        116069	2026-07-15 12:33:33	1	255	1	0
        116096	2026-07-15 12:38:53	1	255	1	0
        117936	2026-07-15 18:02:14	1	255	1	0
        110574	2026-07-15 18:05:12	1	255	1	0
        117645	2026-07-15 18:06:18	1	255	1	0
        117815	2026-07-15 18:06:24	1	255	1	0
        116825	2026-07-15 18:07:26	1	255	1	0
        117982	2026-07-15 18:24:15	1	255	1	0
        117840	2026-07-15 18:24:19	1	255	1	0
        117838	2026-07-15 18:25:10	1	255	1	0
        116096	2026-07-15 18:48:03	1	255	1	0
        116995	2026-07-15 18:53:23	1	255	1	0
        117742	2026-07-15 18:58:13	1	255	1	0
        117839	2026-07-15 19:00:22	1	255	1	0
        117483	2026-07-15 19:00:47	1	255	1	0
        110574	2026-07-16 06:58:22	1	255	1	0
        117840	2026-07-16 07:11:19	1	255	1	0
        117982	2026-07-16 07:15:58	1	255	1	0
        117645	2026-07-16 07:16:50	1	255	1	0
        117839	2026-07-16 07:23:18	1	255	1	0
        116995	2026-07-16 07:34:23	1	255	1	0
        116825	2026-07-16 07:46:24	1	255	1	0
        116096	2026-07-16 07:46:43	1	255	1	0
        117742	2026-07-16 07:51:00	1	255	1	0
