        118414	2026-07-01 06:25:06	1	0	1	0
        119365	2026-07-01 06:55:40	1	0	1	0
        119475	2026-07-01 07:02:33	1	0	1	0
        118760	2026-07-01 07:04:24	1	0	1	0
        118001	2026-07-01 07:05:33	1	0	1	0
        110477	2026-07-01 07:05:38	1	0	1	0
        118829	2026-07-01 07:13:22	1	0	1	0
        118829	2026-07-01 07:13:24	1	0	1	0
        119340	2026-07-01 07:24:03	1	0	1	0
        110820	2026-07-01 07:24:47	1	0	1	0
        110032	2026-07-01 07:30:41	1	0	1	0
        110449	2026-07-01 07:32:47	1	0	1	0
        110821	2026-07-01 07:32:58	1	0	1	0
        110373	2026-07-01 07:34:23	1	0	1	0
        118301	2026-07-01 07:34:57	1	0	1	0
        118503	2026-07-01 07:35:32	1	0	1	0
        110183	2026-07-01 07:37:54	1	0	1	0
        110051	2026-07-01 07:38:03	1	0	1	0
        116337	2026-07-01 07:38:21	1	0	1	0
        110393	2026-07-01 07:38:59	1	0	1	0
        118862	2026-07-01 07:45:36	1	0	1	0
        116790	2026-07-01 07:47:59	1	0	1	0
        110818	2026-07-01 07:48:04	1	0	1	0
        110062	2026-07-01 07:50:08	1	0	1	0
        110018	2026-07-01 07:51:53	1	0	1	0
        110083	2026-07-01 07:52:53	1	0	1	0
        110430	2026-07-01 07:57:16	1	0	1	0
        117341	2026-07-01 07:58:26	1	0	1	0
        116537	2026-07-01 07:58:28	1	0	1	0
        116493	2026-07-01 07:59:15	1	0	1	0
        110053	2026-07-01 08:01:29	1	0	1	0
        110053	2026-07-01 08:01:30	1	0	1	0
        117965	2026-07-01 08:04:56	1	0	1	0
        119104	2026-07-01 08:05:36	1	0	1	0
        117700	2026-07-01 08:06:14	1	0	1	0
        110423	2026-07-01 08:08:17	1	0	1	0
        119107	2026-07-01 08:09:05	1	0	1	0
        110485	2026-07-01 08:13:19	1	0	1	0
        110514	2026-07-01 08:14:01	1	0	1	0
        117642	2026-07-01 08:19:37	1	0	1	0
        117687	2026-07-01 08:27:26	1	0	1	0
        118043	2026-07-01 08:36:28	1	0	1	0
        110374	2026-07-01 08:40:58	1	0	1	0
        118760	2026-07-01 12:00:07	1	1	1	0
        110032	2026-07-01 12:01:25	1	1	1	0
        116537	2026-07-01 12:01:28	1	1	1	0
        117716	2026-07-01 12:01:56	1	1	1	0
        119340	2026-07-01 12:02:03	1	1	1	0
        117707	2026-07-01 12:02:07	1	1	1	0
        110053	2026-07-01 12:02:15	1	1	1	0
        118043	2026-07-01 12:02:19	1	1	1	0
        110820	2026-07-01 12:02:55	1	1	1	0
        119107	2026-07-01 12:03:37	1	1	1	0
        110374	2026-07-01 12:04:20	1	1	1	0
        116337	2026-07-01 12:04:28	1	1	1	0
        117642	2026-07-01 12:05:06	1	1	1	0
        110393	2026-07-01 12:05:10	1	1	1	0
        117687	2026-07-01 12:05:17	1	1	1	0
        110413	2026-07-01 12:05:22	1	1	1	0
        118414	2026-07-01 12:05:28	1	1	1	0
        119475	2026-07-01 12:06:29	1	1	1	0
        110032	2026-07-01 12:07:20	1	0	1	0
        116537	2026-07-01 12:07:22	1	0	1	0
        110374	2026-07-01 12:07:40	1	1	1	0
        119107	2026-07-01 12:08:08	1	1	1	0
        117707	2026-07-01 12:08:14	1	0	1	0
        117642	2026-07-01 12:08:25	1	0	1	0
        117687	2026-07-01 12:08:32	1	0	1	0
        110413	2026-07-01 12:08:39	1	0	1	0
        110373	2026-07-01 12:09:00	1	1	1	0
        118414	2026-07-01 12:09:39	1	0	1	0
        117716	2026-07-01 12:09:43	1	0	1	0
        110053	2026-07-01 12:10:13	1	0	1	0
        116337	2026-07-01 12:10:26	1	0	1	0
        118862	2026-07-01 12:10:47	1	1	1	0
        110373	2026-07-01 12:11:46	1	0	1	0
        118301	2026-07-01 12:11:56	1	1	1	0
        119104	2026-07-01 12:12:13	1	1	1	0
        118001	2026-07-01 12:12:34	1	1	1	0
        110083	2026-07-01 12:13:49	1	0	16	0
        110083	2026-07-01 12:14:13	1	1	1	0
        119104	2026-07-01 12:14:26	1	0	1	0
        116493	2026-07-01 12:14:35	1	1	1	0
        117700	2026-07-01 12:14:41	1	1	1	0
        110449	2026-07-01 12:14:46	1	1	1	0
        117341	2026-07-01 12:14:52	1	1	1	0
        110423	2026-07-01 12:15:27	1	1	1	0
        119386	2026-07-01 12:15:38	1	1	1	0
        119386	2026-07-01 12:16:21	1	0	1	0
        110818	2026-07-01 12:16:39	1	1	1	0
        118001	2026-07-01 12:17:05	1	0	1	0
        110083	2026-07-01 12:17:17	1	0	1	0
        118760	2026-07-01 12:17:21	1	0	1	0
        118862	2026-07-01 12:17:40	1	0	1	0
        110018	2026-07-01 12:18:04	1	1	1	0
        110062	2026-07-01 12:19:11	1	1	1	0
        110477	2026-07-01 12:19:16	1	1	1	0
        119475	2026-07-01 12:19:32	1	0	1	0
        119340	2026-07-01 12:19:46	1	0	1	0
        117133	2026-07-01 12:20:02	1	1	16	0
        116790	2026-07-01 12:20:06	1	1	1	0
        110018	2026-07-01 12:20:16	1	0	1	0
        110485	2026-07-01 12:20:25	1	1	1	0
        116493	2026-07-01 12:20:58	1	0	1	0
        116790	2026-07-01 12:22:03	1	0	1	0
        110818	2026-07-01 12:23:10	1	0	1	0
        110423	2026-07-01 12:23:51	1	0	1	0
        110485	2026-07-01 12:24:26	1	0	1	0
        118043	2026-07-01 12:24:50	1	0	1	0
        117700	2026-07-01 12:24:58	1	0	1	0
        118301	2026-07-01 12:25:45	1	0	1	0
        117341	2026-07-01 12:26:07	1	0	1	0
        110183	2026-07-01 12:32:00	1	1	1	0
        110449	2026-07-01 12:33:12	1	1	1	0
        117965	2026-07-01 12:33:34	1	1	1	0
        110183	2026-07-01 12:35:42	1	0	1	0
        110477	2026-07-01 12:38:28	1	0	1	0
        117965	2026-07-01 12:39:11	1	0	1	0
        110820	2026-07-01 12:41:05	1	0	1	0
        110051	2026-07-01 12:44:23	1	1	1	0
        110514	2026-07-01 12:45:08	1	1	1	0
        110430	2026-07-01 12:45:10	1	1	1	0
        110821	2026-07-01 12:45:20	1	1	1	0
        119365	2026-07-01 12:49:03	1	1	1	0
        110514	2026-07-01 12:49:59	1	0	1	0
        110430	2026-07-01 12:50:03	1	0	1	0
        110821	2026-07-01 12:50:06	1	0	1	0
        119365	2026-07-01 12:50:41	1	0	1	0
        110051	2026-07-01 12:54:46	1	0	1	0
        110062	2026-07-01 12:55:06	1	0	1	0
        110393	2026-07-01 12:59:18	1	0	1	0
        118503	2026-07-01 13:00:41	1	1	1	0
        118503	2026-07-01 13:00:49	1	0	1	0
        110821	2026-07-01 17:26:58	1	1	1	0
        110514	2026-07-01 17:27:04	1	1	1	0
        110430	2026-07-01 17:27:14	1	1	1	0
        110183	2026-07-01 17:37:59	1	1	1	0
        118414	2026-07-01 18:02:31	1	1	1	0
        119365	2026-07-01 18:03:03	1	1	1	0
        119104	2026-07-01 18:04:24	1	1	1	0
        118760	2026-07-01 18:09:46	1	1	1	0
        110477	2026-07-01 18:14:55	1	1	1	0
        118001	2026-07-01 18:19:09	1	1	1	0
        116492	2026-07-01 18:19:13	1	1	1	0
        117642	2026-07-01 18:22:21	1	1	1	0
        110820	2026-07-01 18:25:16	1	1	1	0
        119340	2026-07-01 18:26:26	1	1	1	0
        110051	2026-07-01 18:32:27	1	1	1	0
        110373	2026-07-01 18:34:27	1	1	1	0
        118503	2026-07-01 18:34:59	1	1	16	0
        119475	2026-07-01 18:39:39	1	1	1	0
        118301	2026-07-01 18:42:50	1	1	1	0
        110449	2026-07-01 18:45:03	1	1	1	0
        110818	2026-07-01 18:49:09	1	1	1	0
        110393	2026-07-01 18:55:00	1	1	1	0
        116337	2026-07-01 18:59:43	1	1	1	0
        110053	2026-07-01 19:00:08	1	1	1	0
        117707	2026-07-01 19:00:31	1	1	1	0
        110374	2026-07-01 19:00:36	1	1	1	0
        117716	2026-07-01 19:00:42	1	1	1	0
        117965	2026-07-01 19:01:12	1	1	1	0
        110083	2026-07-01 19:02:39	1	1	1	0
        116537	2026-07-01 19:03:02	1	1	1	0
        117341	2026-07-01 19:03:10	1	1	1	0
        110032	2026-07-01 19:03:44	1	1	1	0
        117700	2026-07-01 19:03:50	1	1	1	0
        110485	2026-07-01 19:03:56	1	1	1	0
        116493	2026-07-01 19:04:02	1	1	1	0
        116790	2026-07-01 19:04:40	1	1	1	0
        119107	2026-07-01 19:04:55	1	1	1	0
        118862	2026-07-01 19:06:04	1	1	1	0
        110062	2026-07-01 19:06:09	1	1	1	0
        110423	2026-07-01 19:08:19	1	1	1	0
        110018	2026-07-01 19:12:43	1	1	1	0
        117687	2026-07-01 19:16:00	1	1	1	0
        110413	2026-07-01 19:16:06	1	1	1	0
        118414	2026-07-02 06:24:47	1	0	1	0
        119365	2026-07-02 06:40:53	1	0	1	0
        117269	2026-07-02 06:44:18	1	0	1	0
        118301	2026-07-02 06:59:46	1	0	1	0
        119475	2026-07-02 07:02:13	1	0	1	0
        119340	2026-07-02 07:08:23	1	0	1	0
        118760	2026-07-02 07:08:34	1	0	1	0
        118001	2026-07-02 07:10:08	1	0	1	0
        116492	2026-07-02 07:10:31	1	0	1	0
        110423	2026-07-02 07:13:36	1	0	1	0
        117716	2026-07-02 07:15:17	1	0	1	0
        110820	2026-07-02 07:17:06	1	0	1	0
        118043	2026-07-02 07:19:51	1	0	1	0
        117965	2026-07-02 07:24:25	1	0	1	0
        110032	2026-07-02 07:28:03	1	0	1	0
        118503	2026-07-02 07:30:05	1	0	16	0
        110373	2026-07-02 07:36:20	1	0	1	0
        116337	2026-07-02 07:36:51	1	0	1	0
        110449	2026-07-02 07:37:03	1	0	1	0
        110370	2026-07-02 07:40:33	1	0	1	0
        117642	2026-07-02 07:41:38	1	0	1	0
        110485	2026-07-02 07:43:32	1	0	1	0
        110821	2026-07-02 07:44:17	1	0	1	0
        110062	2026-07-02 07:45:34	1	0	1	0
        110183	2026-07-02 07:45:52	1	0	1	0
        117242	2026-07-02 07:46:01	1	0	1	0
        110818	2026-07-02 07:46:31	1	0	1	0
        110053	2026-07-02 07:47:30	1	0	1	0
        110430	2026-07-02 07:50:06	1	0	1	0
        118829	2026-07-02 07:52:58	1	0	1	0
        110051	2026-07-02 07:54:35	1	0	1	0
        110514	2026-07-02 08:06:49	1	0	1	0
        119104	2026-07-02 08:06:55	1	0	1	0
        110374	2026-07-02 08:07:03	1	0	1	0
        119104	2026-07-02 08:07:13	1	0	1	0
        116790	2026-07-02 08:07:37	1	0	1	0
        117971	2026-07-02 08:12:06	1	0	1	0
        110100	2026-07-02 08:18:40	1	0	1	0
        117700	2026-07-02 08:28:37	1	0	1	0
        117687	2026-07-02 08:32:09	1	0	1	0
        110413	2026-07-02 08:41:04	1	0	1	0
        117999	2026-07-02 08:43:24	1	0	1	0
        117077	2026-07-02 08:57:55	1	0	16	0
        117077	2026-07-02 08:57:56	1	0	16	0
        110818	2026-07-02 12:00:30	1	1	1	0
        116492	2026-07-02 12:01:08	1	1	1	0
        117242	2026-07-02 12:01:54	1	1	1	0
        117999	2026-07-02 12:02:01	1	1	1	0
        118414	2026-07-02 12:07:49	1	1	1	0
        110051	2026-07-02 12:08:44	1	1	1	0
        119475	2026-07-02 12:08:53	1	1	1	0
        110100	2026-07-02 12:08:56	1	1	1	0
        110430	2026-07-02 12:11:30	1	1	1	0
        118414	2026-07-02 12:12:54	1	0	1	0
        110051	2026-07-02 12:13:01	1	0	1	0
        110100	2026-07-02 12:13:18	1	0	1	0
        119475	2026-07-02 12:13:25	1	0	1	0
        110820	2026-07-02 12:16:27	1	1	1	0
        110423	2026-07-02 12:16:45	1	1	1	0
        110374	2026-07-02 12:16:55	1	1	1	0
        118001	2026-07-02 12:17:44	1	1	1	0
        110514	2026-07-02 12:19:19	1	1	1	0
        110821	2026-07-02 12:19:21	1	1	1	0
        118301	2026-07-02 12:19:37	1	1	1	0
        118043	2026-07-02 12:19:42	1	1	1	0
        110053	2026-07-02 12:19:48	1	1	1	0
        118829	2026-07-02 12:19:54	1	1	1	0
        119104	2026-07-02 12:20:16	1	1	1	0
        110423	2026-07-02 12:20:24	1	0	1	0
        110818	2026-07-02 12:20:37	1	0	1	0
        110413	2026-07-02 12:20:42	1	1	1	0
        117642	2026-07-02 12:20:47	1	1	1	0
        118760	2026-07-02 12:20:54	1	1	1	0
        110393	2026-07-02 12:21:27	1	1	1	0
        118001	2026-07-02 12:21:33	1	0	1	0
        110374	2026-07-02 12:21:41	1	0	1	0
        119340	2026-07-02 12:22:28	1	1	1	0
        118503	2026-07-02 12:22:58	1	1	16	0
        110373	2026-07-02 12:23:10	1	1	1	0
        117965	2026-07-02 12:23:30	1	1	1	0
        110370	2026-07-02 12:23:36	1	1	1	0
        119365	2026-07-02 12:23:44	1	1	1	0
        119104	2026-07-02 12:24:06	1	0	1	0
        117971	2026-07-02 12:24:14	1	1	1	0
        110821	2026-07-02 12:24:23	1	0	1	0
        110514	2026-07-02 12:24:26	1	0	1	0
        117077	2026-07-02 12:24:36	1	0	16	0
        117077	2026-07-02 12:24:38	1	0	16	0
        118301	2026-07-02 12:24:44	1	0	1	0
        118043	2026-07-02 12:24:48	1	0	1	0
        110053	2026-07-02 12:24:54	1	0	1	0
        117242	2026-07-02 12:25:00	1	0	1	0
        117999	2026-07-02 12:25:13	1	0	1	0
        110485	2026-07-02 12:25:50	1	1	1	0
        117700	2026-07-02 12:26:25	1	1	1	0
        117716	2026-07-02 12:26:27	1	1	1	0
        119340	2026-07-02 12:26:41	1	0	1	0
        110183	2026-07-02 12:27:55	1	1	1	0
        116337	2026-07-02 12:28:20	1	1	1	0
        116790	2026-07-02 12:28:26	1	1	1	0
        110032	2026-07-02 12:28:32	1	1	1	0
        117971	2026-07-02 12:28:37	1	0	1	0
        110373	2026-07-02 12:28:55	1	0	1	0
        117965	2026-07-02 12:29:01	1	0	1	0
        110370	2026-07-02 12:29:06	1	0	1	0
        110449	2026-07-02 12:29:24	1	0	1	0
        118760	2026-07-02 12:30:08	1	0	1	0
        118829	2026-07-02 12:30:42	1	0	1	0
        116337	2026-07-02 12:31:08	1	0	1	0
        110032	2026-07-02 12:31:22	1	0	1	0
        116790	2026-07-02 12:32:13	1	0	1	0
        110449	2026-07-02 12:33:04	1	0	1	0
        110183	2026-07-02 12:33:11	1	0	1	0
        110820	2026-07-02 12:37:55	1	0	1	0
        117716	2026-07-02 12:39:43	1	0	1	0
        117700	2026-07-02 12:39:46	1	0	1	0
        117642	2026-07-02 12:45:11	1	0	1	0
        110393	2026-07-02 12:45:20	1	0	1	0
        110413	2026-07-02 12:45:25	1	0	1	0
        117687	2026-07-02 12:48:16	1	1	1	0
        110485	2026-07-02 12:48:57	1	0	1	0
        116492	2026-07-02 12:50:04	1	0	1	0
        117269	2026-07-02 12:50:20	1	1	1	0
        110062	2026-07-02 12:50:24	1	1	1	0
        110374	2026-07-02 12:50:56	1	1	1	0
        117687	2026-07-02 12:52:03	1	0	1	0
        117269	2026-07-02 12:53:07	1	0	1	0
        117077	2026-07-02 12:55:42	1	0	16	0
        118503	2026-07-02 12:59:55	1	0	16	0
        110062	2026-07-02 12:59:59	1	0	1	0
        119365	2026-07-02 13:00:10	1	0	1	0
        118001	2026-07-02 14:24:09	1	0	1	0
        118001	2026-07-02 14:24:23	1	1	1	0
        117242	2026-07-02 17:09:53	1	1	1	0
        110514	2026-07-02 17:11:48	1	1	1	0
        110821	2026-07-02 17:11:52	1	1	1	0
        119104	2026-07-02 17:37:25	1	1	1	0
        119365	2026-07-02 18:02:27	1	1	1	0
        118301	2026-07-02 18:08:02	1	1	1	0
        118760	2026-07-02 18:09:59	1	1	1	0
        117269	2026-07-02 18:10:09	1	1	1	0
        110051	2026-07-02 18:11:05	1	1	1	0
        110183	2026-07-02 18:11:53	1	1	1	0
        119340	2026-07-02 18:13:28	1	1	1	0
        117687	2026-07-02 18:15:04	1	1	1	0
        117716	2026-07-02 18:16:59	1	1	1	0
        119475	2026-07-02 18:18:02	1	1	1	0
        117077	2026-07-02 18:19:07	1	1	16	0
        110820	2026-07-02 18:22:37	1	1	1	0
        117642	2026-07-02 18:24:15	1	1	1	0
        116492	2026-07-02 18:25:52	1	1	1	0
        118043	2026-07-02 18:27:42	1	1	1	0
        118503	2026-07-02 18:37:09	1	1	16	0
        110413	2026-07-02 18:38:38	1	1	1	0
        110373	2026-07-02 18:39:50	1	1	1	0
        110370	2026-07-02 18:40:51	1	1	1	0
        110393	2026-07-02 18:43:40	1	1	1	0
        110485	2026-07-02 18:44:00	1	1	1	0
        110374	2026-07-02 18:47:52	1	1	1	0
        110818	2026-07-02 18:48:12	1	1	1	0
        110423	2026-07-02 18:50:01	1	1	1	0
        117999	2026-07-02 18:54:02	1	1	1	0
        118414	2026-07-02 18:58:38	1	1	1	0
        118829	2026-07-02 18:58:45	1	1	1	0
        117965	2026-07-02 19:00:21	1	1	1	0
        117971	2026-07-02 19:00:47	1	1	1	0
        110062	2026-07-02 19:00:51	1	1	1	0
        116790	2026-07-02 19:01:10	1	1	1	0
        110449	2026-07-02 19:03:21	1	1	1	0
        110053	2026-07-02 19:04:24	1	1	1	0
        117700	2026-07-02 19:04:40	1	1	1	0
        116337	2026-07-02 19:06:35	1	1	1	0
        117707	2026-07-02 19:06:46	1	1	1	0
        110032	2026-07-02 19:07:14	1	1	1	0
        110018	2026-07-02 19:18:31	1	1	1	0
        110100	2026-07-02 19:18:37	1	1	1	0
        110430	2026-07-03 07:52:32	1	0	1	0
        117999	2026-07-03 08:36:27	1	0	1	0
        110413	2026-07-03 08:44:41	1	0	1	0
        117687	2026-07-03 08:48:16	1	0	1	0
        110514	2026-07-03 09:26:46	1	0	1	0
        117687	2026-07-03 12:01:52	1	1	1	0
        110413	2026-07-03 12:01:57	1	1	1	0
        117687	2026-07-03 12:04:12	1	0	1	0
        110413	2026-07-03 12:04:18	1	0	1	0
        110821	2026-07-03 12:07:41	1	0	1	0
        110430	2026-07-03 12:07:48	1	1	1	0
        110514	2026-07-03 12:07:50	1	1	1	0
        119104	2026-07-03 12:08:36	1	1	1	0
        110430	2026-07-03 12:11:44	1	1	1	0
        110430	2026-07-03 12:11:48	1	0	1	0
        110514	2026-07-03 12:12:04	1	0	1	0
        119104	2026-07-03 12:12:09	1	0	1	0
        110514	2026-07-03 17:43:40	1	1	1	0
        110821	2026-07-03 17:43:46	1	1	1	0
        110430	2026-07-03 17:43:51	1	1	1	0
        117687	2026-07-03 17:58:09	1	1	1	0
        110413	2026-07-03 17:58:15	1	1	1	0
        117999	2026-07-03 17:58:19	1	1	1	0
        117999	2026-07-03 17:58:23	1	1	1	0
        119104	2026-07-03 18:26:12	1	1	1	0
        119365	2026-07-06 06:34:21	1	0	1	0
        116551	2026-07-06 06:37:50	1	0	1	0
        116492	2026-07-06 06:53:46	1	0	1	0
        116383	2026-07-06 06:54:46	1	0	1	0
        118001	2026-07-06 06:56:20	1	0	1	0
        118503	2026-07-06 06:59:32	1	0	1	0
        119602	2026-07-06 07:04:59	1	0	1	0
        117716	2026-07-06 07:05:07	1	0	1	0
        118760	2026-07-06 07:06:13	1	0	1	0
        110477	2026-07-06 07:07:35	1	0	1	0
        118301	2026-07-06 07:07:40	1	0	1	0
        116953	2026-07-06 07:15:38	1	0	1	0
        116337	2026-07-06 07:17:07	1	0	1	0
        110032	2026-07-06 07:18:07	1	0	1	0
        110820	2026-07-06 07:19:09	1	0	1	0
        110373	2026-07-06 07:19:13	1	0	1	0
        117133	2026-07-06 07:21:44	1	0	16	0
        117642	2026-07-06 07:24:06	1	0	1	0
        116493	2026-07-06 07:25:32	1	0	1	0
        117707	2026-07-06 07:28:43	1	0	1	0
        118043	2026-07-06 07:30:31	1	0	1	0
        119104	2026-07-06 07:33:45	1	0	1	0
        110514	2026-07-06 07:34:45	1	0	1	0
        110821	2026-07-06 07:34:51	1	0	1	0
        110449	2026-07-06 07:34:58	1	0	1	0
        119107	2026-07-06 07:37:16	1	0	1	0
        110430	2026-07-06 07:38:54	1	0	1	0
        117269	2026-07-06 07:41:23	1	0	1	0
        117077	2026-07-06 07:42:56	1	0	16	0
        110413	2026-07-06 07:45:05	1	0	1	0
        110506	2026-07-06 07:47:02	1	0	1	0
        110567	2026-07-06 07:48:36	1	0	1	0
        118862	2026-07-06 07:52:11	1	0	1	0
        118829	2026-07-06 07:52:19	1	0	1	0
        110393	2026-07-06 07:52:41	1	0	1	0
        117687	2026-07-06 07:54:16	1	0	1	0
        110083	2026-07-06 07:55:51	1	0	1	0
        110423	2026-07-06 07:57:29	1	0	1	0
        110183	2026-07-06 08:05:38	1	0	1	0
        110053	2026-07-06 08:16:18	1	0	1	0
        116835	2026-07-06 08:28:54	1	0	1	0
        117023	2026-07-06 08:31:06	1	0	1	0
        118584	2026-07-06 08:38:06	1	0	1	0
        110373	2026-07-06 11:59:01	1	1	1	0
        110373	2026-07-06 12:00:04	1	1	1	0
        117133	2026-07-06 12:00:12	1	1	1	0
        116337	2026-07-06 12:00:20	1	1	1	0
        119365	2026-07-06 12:00:56	1	1	1	0
        117716	2026-07-06 12:01:01	1	1	1	0
        110820	2026-07-06 12:01:05	1	1	1	0
        116383	2026-07-06 12:01:17	1	1	1	0
        118829	2026-07-06 12:01:23	1	1	1	0
        118043	2026-07-06 12:01:28	1	1	1	0
        116493	2026-07-06 12:01:34	1	1	1	0
        117077	2026-07-06 12:01:41	1	1	16	0
        119107	2026-07-06 12:01:51	1	1	1	0
        119107	2026-07-06 12:01:52	1	1	16	0
        117707	2026-07-06 12:02:13	1	1	1	0
        110053	2026-07-06 12:03:24	1	1	1	0
        117642	2026-07-06 12:03:28	1	1	1	0
        110393	2026-07-06 12:03:36	1	1	1	0
        118584	2026-07-06 12:03:43	1	1	1	0
        117700	2026-07-06 12:04:30	1	1	1	0
        110062	2026-07-06 12:04:36	1	1	1	0
        116337	2026-07-06 12:04:46	1	0	1	0
        117133	2026-07-06 12:05:08	1	0	1	0
        118301	2026-07-06 12:05:27	1	1	1	0
        117707	2026-07-06 12:06:05	1	0	1	0
        110449	2026-07-06 12:06:14	1	0	1	0
        110183	2026-07-06 12:06:20	1	1	1	0
        118584	2026-07-06 12:06:29	1	0	1	0
        119107	2026-07-06 12:06:36	1	0	1	0
        110477	2026-07-06 12:06:45	1	1	1	0
        110062	2026-07-06 12:06:50	1	0	1	0
        116493	2026-07-06 12:06:56	1	0	1	0
        119365	2026-07-06 12:07:00	1	0	1	0
        116383	2026-07-06 12:07:04	1	0	1	0
        118829	2026-07-06 12:07:10	1	0	1	0
        118043	2026-07-06 12:07:14	1	0	1	0
        117716	2026-07-06 12:08:07	1	0	1	0
        117700	2026-07-06 12:08:13	1	0	1	0
        110053	2026-07-06 12:08:21	1	0	1	0
        110032	2026-07-06 12:08:42	1	1	1	0
        116953	2026-07-06 12:08:54	1	1	1	0
        116551	2026-07-06 12:09:04	1	1	1	0
        110083	2026-07-06 12:09:16	1	1	1	0
        110372	2026-07-06 12:09:32	1	1	1	0
        116835	2026-07-06 12:09:39	1	1	1	0
        110449	2026-07-06 12:11:36	1	1	1	0
        110423	2026-07-06 12:11:53	1	1	1	0
        116835	2026-07-06 12:12:51	1	0	1	0
        117642	2026-07-06 12:12:55	1	0	1	0
        110393	2026-07-06 12:13:04	1	0	1	0
        118760	2026-07-06 12:13:26	1	1	1	0
        110430	2026-07-06 12:13:44	1	1	1	0
        110514	2026-07-06 12:13:48	1	1	1	0
        110821	2026-07-06 12:13:53	1	1	1	0
        110477	2026-07-06 12:14:00	1	0	1	0
        110083	2026-07-06 12:14:11	1	0	1	0
        110423	2026-07-06 12:16:24	1	0	1	0
        118503	2026-07-06 12:17:15	1	1	1	0
        110032	2026-07-06 12:17:55	1	0	1	0
        118301	2026-07-06 12:19:07	1	0	1	0
        116953	2026-07-06 12:20:00	1	0	1	0
        118503	2026-07-06 12:20:19	1	0	16	0
        117269	2026-07-06 12:20:28	1	1	1	0
        118760	2026-07-06 12:22:17	1	0	1	0
        110820	2026-07-06 12:30:00	1	0	1	0
        110821	2026-07-06 12:30:37	1	0	1	0
        110430	2026-07-06 12:30:42	1	0	1	0
        110514	2026-07-06 12:30:45	1	0	1	0
        110373	2026-07-06 12:31:00	1	0	1	0
        110183	2026-07-06 12:32:50	1	0	1	0
        117269	2026-07-06 12:37:57	1	0	1	0
        119602	2026-07-06 12:38:51	1	0	1	0
        119602	2026-07-06 12:39:01	1	1	1	0
        119104	2026-07-06 12:39:59	1	1	1	0
        118741	2026-07-06 12:42:25	1	1	1	0
        110413	2026-07-06 12:43:29	1	1	1	0
        117687	2026-07-06 12:43:35	1	1	1	0
        119602	2026-07-06 12:43:42	1	0	1	0
        117687	2026-07-06 12:46:06	1	0	1	0
        110413	2026-07-06 12:46:13	1	0	1	0
        119104	2026-07-06 12:46:32	1	0	1	0
        118741	2026-07-06 12:47:20	1	0	1	0
        110567	2026-07-06 12:53:42	1	1	1	0
        117023	2026-07-06 12:53:45	1	1	1	0
        116551	2026-07-06 12:55:34	1	0	1	0
        117023	2026-07-06 12:59:03	1	1	1	0
        110567	2026-07-06 12:59:10	1	1	1	0
        116383	2026-07-06 18:05:33	1	1	1	0
        110477	2026-07-06 18:13:50	1	1	1	0
        118760	2026-07-06 18:16:58	1	1	1	0
        118503	2026-07-06 18:20:38	1	1	16	0
        116551	2026-07-06 18:20:43	1	1	1	0
        110820	2026-07-06 18:24:30	1	1	1	0
        116953	2026-07-06 18:27:07	1	1	1	0
        110373	2026-07-06 18:51:17	1	1	1	0
        117077	2026-07-06 19:00:49	1	1	16	0
        110062	2026-07-06 19:01:35	1	1	1	0
        117700	2026-07-06 19:08:08	1	1	1	0
        116492	2026-07-06 19:10:28	1	1	1	0
        110449	2026-07-06 19:11:55	1	1	1	0
        118741	2026-07-06 19:12:14	1	1	1	0
        118001	2026-07-06 19:16:47	1	1	1	0
        117707	2026-07-06 19:18:47	1	1	1	0
        110083	2026-07-06 19:24:45	1	1	1	0
        118301	2026-07-06 19:25:01	1	1	1	0
        117716	2026-07-06 19:26:04	1	1	1	0
        117269	2026-07-06 19:29:29	1	1	1	0
        116493	2026-07-06 19:33:03	1	1	1	0
        117133	2026-07-06 19:33:09	1	1	1	0
        116337	2026-07-06 19:33:16	1	1	1	0
        118043	2026-07-06 19:35:14	1	1	1	0
        118584	2026-07-06 19:40:26	1	1	1	0
        110423	2026-07-06 19:40:30	1	1	1	0
        117023	2026-07-06 19:40:39	1	1	1	0
        110567	2026-07-06 19:40:49	1	1	1	0
        118829	2026-07-06 19:42:21	1	1	1	0
        119107	2026-07-06 19:43:10	1	1	1	0
        110053	2026-07-06 19:43:20	1	1	1	0
        117642	2026-07-06 19:52:28	1	1	1	0
        110393	2026-07-06 19:52:32	1	1	1	0
        110032	2026-07-06 19:52:46	1	1	1	0
        117687	2026-07-06 19:53:33	1	1	1	0
        110413	2026-07-06 19:53:41	1	1	1	0
        110514	2026-07-06 20:15:26	1	1	1	0
        110821	2026-07-06 20:15:30	1	1	1	0
        110430	2026-07-06 20:15:36	1	1	1	0
        116835	2026-07-06 20:19:51	1	1	1	0
        110183	2026-07-06 20:20:03	1	1	1	0
        119104	2026-07-06 20:20:07	1	1	1	0
        119602	2026-07-06 20:53:04	1	1	1	0
        116953	2026-07-07 06:34:41	1	1	1	0
        116953	2026-07-07 06:35:00	1	0	1	0
        119365	2026-07-07 06:45:25	1	0	1	0
        116551	2026-07-07 06:45:29	1	0	1	0
        110819	2026-07-07 06:51:09	1	0	1	0
        116835	2026-07-07 06:59:38	1	0	1	0
        116835	2026-07-07 06:59:40	1	0	1	0
        110477	2026-07-07 07:05:01	1	0	1	0
        116492	2026-07-07 07:05:11	1	0	1	0
        118301	2026-07-07 07:06:03	1	0	1	0
        118760	2026-07-07 07:09:03	1	0	1	0
        118001	2026-07-07 07:12:18	1	0	1	0
        118043	2026-07-07 07:14:38	1	0	1	0
        119602	2026-07-07 07:15:43	1	0	1	0
        118829	2026-07-07 07:19:44	1	0	1	0
        117642	2026-07-07 07:20:49	1	0	1	0
        110083	2026-07-07 07:21:41	1	0	1	0
        116790	2026-07-07 07:27:31	1	0	1	0
        118503	2026-07-07 07:28:35	1	0	1	0
        110820	2026-07-07 07:31:14	1	0	1	0
        117269	2026-07-07 07:31:55	1	0	1	0
        116337	2026-07-07 07:40:07	1	0	1	0
        110430	2026-07-07 07:41:04	1	0	1	0
        119104	2026-07-07 07:42:26	1	0	1	0
        116493	2026-07-07 07:42:54	1	0	1	0
        110053	2026-07-07 07:44:46	1	0	1	0
        117242	2026-07-07 07:44:52	1	0	1	0
        110393	2026-07-07 07:45:29	1	0	1	0
        117965	2026-07-07 07:46:49	1	0	1	0
        110821	2026-07-07 07:48:42	1	0	1	0
        110193	2026-07-07 07:49:08	1	0	1	0
        110032	2026-07-07 07:50:13	1	0	1	0
        110032	2026-07-07 07:50:14	1	0	1	0
        110423	2026-07-07 07:50:19	1	0	1	0
        110372	2026-07-07 07:50:24	1	0	1	0
        117971	2026-07-07 07:50:28	1	0	1	0
        116537	2026-07-07 07:53:22	1	0	1	0
        117341	2026-07-07 07:53:32	1	0	1	0
        110183	2026-07-07 07:56:38	1	0	1	0
        110514	2026-07-07 07:59:04	1	0	1	0
        117999	2026-07-07 08:01:13	1	0	1	0
        119107	2026-07-07 08:14:41	1	0	1	0
        110062	2026-07-07 08:17:25	1	0	1	0
        117700	2026-07-07 08:20:11	1	0	1	0
        117077	2026-07-07 08:37:09	1	0	16	0
        110413	2026-07-07 08:37:15	1	0	1	0
        117687	2026-07-07 08:47:51	1	0	1	0
        110449	2026-07-07 08:55:49	1	0	1	0
        118584	2026-07-07 09:01:52	1	0	1	0
        117023	2026-07-07 09:01:55	1	0	1	0
        116337	2026-07-07 12:00:43	1	1	1	0
        116537	2026-07-07 12:00:49	1	1	1	0
        116551	2026-07-07 12:00:53	1	1	1	0
        117707	2026-07-07 12:01:00	1	1	1	0
        117077	2026-07-07 12:01:07	1	1	16	0
        117077	2026-07-07 12:01:09	1	1	16	0
        118829	2026-07-07 12:01:16	1	1	1	0
        110032	2026-07-07 12:01:23	1	1	1	0
        110820	2026-07-07 12:01:29	1	1	1	0
        110819	2026-07-07 12:01:38	1	1	1	0
        118043	2026-07-07 12:01:44	1	1	1	0
        110053	2026-07-07 12:02:29	1	1	1	0
        119365	2026-07-07 12:03:10	1	1	1	0
        118221	2026-07-07 12:03:26	1	1	1	0
        117242	2026-07-07 12:03:47	1	1	1	0
        110477	2026-07-07 12:03:55	1	1	1	0
        117999	2026-07-07 12:04:27	1	1	1	0
        117642	2026-07-07 12:04:36	1	1	1	0
        117687	2026-07-07 12:04:41	1	1	1	0
        110393	2026-07-07 12:04:44	1	1	1	0
        116537	2026-07-07 12:04:59	1	0	1	0
        116551	2026-07-07 12:05:03	1	0	1	0
        119107	2026-07-07 12:05:09	1	0	1	0
        117077	2026-07-07 12:05:22	1	0	16	0
        117077	2026-07-07 12:05:24	1	0	16	0
        118829	2026-07-07 12:05:32	1	0	1	0
        119365	2026-07-07 12:05:40	1	0	1	0
        116953	2026-07-07 12:05:51	1	1	1	0
        116337	2026-07-07 12:06:08	1	0	1	0
        118001	2026-07-07 12:08:25	1	1	1	0
        110423	2026-07-07 12:08:30	1	1	1	0
        110430	2026-07-07 12:09:23	1	1	1	0
        110514	2026-07-07 12:09:25	1	1	1	0
        110821	2026-07-07 12:09:27	1	1	1	0
        110821	2026-07-07 12:09:37	1	1	1	0
        116953	2026-07-07 12:09:51	1	0	1	0
        119107	2026-07-07 12:10:44	1	0	1	0
        116790	2026-07-07 12:11:01	1	1	1	0
        117341	2026-07-07 12:12:01	1	1	1	0
        110053	2026-07-07 12:12:26	1	0	1	0
        117700	2026-07-07 12:12:32	1	1	1	0
        110514	2026-07-07 12:13:06	1	0	1	0
        110430	2026-07-07 12:13:09	1	0	1	0
        110821	2026-07-07 12:13:14	1	0	1	0
        110423	2026-07-07 12:13:25	1	0	1	0
        118001	2026-07-07 12:13:35	1	0	1	0
        118221	2026-07-07 12:13:41	1	0	1	0
        118503	2026-07-07 12:14:32	1	1	16	0
        110083	2026-07-07 12:14:41	1	1	1	0
        116492	2026-07-07 12:14:50	1	1	1	0
        110183	2026-07-07 12:14:56	1	1	1	0
        110449	2026-07-07 12:15:18	1	1	1	0
        110477	2026-07-07 12:15:59	1	0	1	0
        118503	2026-07-07 12:16:20	1	0	16	0
        118043	2026-07-07 12:16:38	1	0	1	0
        117341	2026-07-07 12:16:51	1	0	1	0
        117269	2026-07-07 12:17:35	1	1	1	0
        116492	2026-07-07 12:17:41	1	0	1	0
        110183	2026-07-07 12:17:59	1	0	1	0
        117642	2026-07-07 12:18:05	1	0	1	0
        110393	2026-07-07 12:18:09	1	0	1	0
        117687	2026-07-07 12:18:23	1	0	1	0
        110820	2026-07-07 12:19:58	1	0	1	0
        116790	2026-07-07 12:20:41	1	0	1	0
        117965	2026-07-07 12:21:11	1	1	1	0
        110819	2026-07-07 12:21:20	1	0	1	0
        116835	2026-07-07 12:21:29	1	1	1	0
        110372	2026-07-07 12:21:33	1	1	1	0
        117700	2026-07-07 12:21:39	1	0	1	0
        119104	2026-07-07 12:22:30	1	1	1	0
        117023	2026-07-07 12:23:06	1	1	1	0
        117269	2026-07-07 12:23:30	1	0	1	0
        118760	2026-07-07 12:24:05	1	1	1	0
        116835	2026-07-07 12:24:54	1	0	1	0
        110372	2026-07-07 12:24:58	1	0	1	0
        110083	2026-07-07 12:25:03	1	0	1	0
        118760	2026-07-07 12:25:32	1	0	1	0
        117999	2026-07-07 12:27:14	1	0	1	0
        117242	2026-07-07 12:27:19	1	0	1	0
        117965	2026-07-07 12:28:02	1	0	1	0
        118584	2026-07-07 12:28:13	1	1	1	0
        117023	2026-07-07 12:28:20	1	0	1	0
        117971	2026-07-07 12:28:30	1	1	1	0
        110449	2026-07-07 12:30:25	1	1	1	0
        119104	2026-07-07 12:33:48	1	0	1	0
        117971	2026-07-07 12:36:46	1	0	1	0
        110062	2026-07-07 12:37:33	1	1	1	0
        110413	2026-07-07 12:39:19	1	1	1	0
        110062	2026-07-07 12:42:30	1	0	1	0
        116493	2026-07-07 12:43:02	1	1	1	0
        118584	2026-07-07 12:44:15	1	0	1	0
        110413	2026-07-07 12:44:52	1	0	1	0
        119602	2026-07-07 12:45:10	1	1	1	0
        119602	2026-07-07 12:50:04	1	0	1	0
        117242	2026-07-07 17:30:05	1	0	1	0
        110430	2026-07-07 18:02:09	1	1	1	0
        110514	2026-07-07 18:02:19	1	1	1	0
        110821	2026-07-07 18:02:24	1	1	1	0
        119107	2026-07-07 18:02:40	1	1	1	0
        117269	2026-07-07 18:03:05	1	1	1	0
        119365	2026-07-07 18:03:49	1	1	1	0
        116551	2026-07-07 18:03:59	1	1	1	0
        116953	2026-07-07 18:05:36	1	1	1	0
        110477	2026-07-07 18:08:25	1	1	1	0
        110183	2026-07-07 18:09:45	1	1	1	0
        118760	2026-07-07 18:10:00	1	1	1	0
        110819	2026-07-07 18:11:33	1	1	1	0
        118301	2026-07-07 18:12:15	1	1	1	0
        116492	2026-07-07 18:14:48	1	1	1	0
        118001	2026-07-07 18:14:58	1	1	1	0
        118043	2026-07-07 18:16:59	1	1	1	0
        116835	2026-07-07 18:18:59	1	1	1	0
        118829	2026-07-07 18:20:36	1	1	1	0
        119104	2026-07-07 18:21:13	1	1	1	0
        110393	2026-07-07 18:26:41	1	1	1	0
        117642	2026-07-07 18:26:43	1	1	1	0
        117999	2026-07-07 18:26:47	1	1	1	0
        118221	2026-07-07 18:27:10	1	1	1	0
        118503	2026-07-07 18:32:25	1	1	1	0
        116790	2026-07-07 18:34:25	1	1	1	0
        110820	2026-07-07 18:34:39	1	1	1	0
        116337	2026-07-07 18:43:24	1	1	1	0
        117077	2026-07-07 18:54:48	1	1	16	0
        110423	2026-07-07 18:55:40	1	1	1	0
        110053	2026-07-07 18:56:39	1	1	1	0
        116537	2026-07-07 18:56:49	1	1	1	0
        117341	2026-07-07 18:56:52	1	1	1	0
        110032	2026-07-07 18:59:06	1	1	1	0
        117965	2026-07-07 19:00:30	1	1	1	0
        110083	2026-07-07 19:00:41	1	1	1	0
        117700	2026-07-07 19:01:14	1	1	1	0
        119602	2026-07-07 19:01:44	1	1	1	0
        117687	2026-07-07 19:01:50	1	1	1	0
        110413	2026-07-07 19:01:55	1	1	1	0
        110449	2026-07-07 19:05:13	1	1	1	0
        110062	2026-07-07 19:05:55	1	1	1	0
        117023	2026-07-07 19:12:16	1	1	1	0
        117971	2026-07-07 19:32:54	1	1	1	0
        110372	2026-07-07 20:08:15	1	1	1	0
        119365	2026-07-08 06:45:28	1	0	1	0
        116551	2026-07-08 06:48:25	1	0	1	0
        110477	2026-07-08 06:53:47	1	0	1	0
        118301	2026-07-08 06:55:10	1	0	1	0
        119602	2026-07-08 07:00:57	1	0	1	0
        118503	2026-07-08 07:01:43	1	0	1	0
        110817	2026-07-08 07:09:47	1	0	1	0
        118043	2026-07-08 07:10:40	1	0	1	0
        110567	2026-07-08 07:10:47	1	0	1	0
        118829	2026-07-08 07:10:56	1	0	1	0
        119340	2026-07-08 07:12:23	1	0	1	0
        118760	2026-07-08 07:16:21	1	0	1	0
        116492	2026-07-08 07:18:20	1	0	1	0
        110373	2026-07-08 07:22:12	1	0	1	0
        117133	2026-07-08 07:25:23	1	0	1	0
        110449	2026-07-08 07:28:54	1	0	1	0
        116835	2026-07-08 07:29:43	1	0	1	0
        117242	2026-07-08 07:35:58	1	0	1	0
        116493	2026-07-08 07:36:36	1	0	1	0
        110032	2026-07-08 07:36:50	1	0	1	0
        116953	2026-07-08 07:37:54	1	0	1	0
        110430	2026-07-08 07:38:58	1	0	1	0
        110083	2026-07-08 07:39:16	1	0	1	0
        116790	2026-07-08 07:39:30	1	0	1	0
        110193	2026-07-08 07:42:56	1	0	1	0
        110053	2026-07-08 07:43:30	1	0	1	0
        118862	2026-07-08 07:47:30	1	0	1	0
        110183	2026-07-08 07:50:17	1	0	1	0
        119107	2026-07-08 07:50:32	1	0	16	0
        119107	2026-07-08 07:50:34	1	0	1	0
        116537	2026-07-08 07:51:39	1	0	1	0
        117341	2026-07-08 07:51:52	1	0	1	0
        110821	2026-07-08 07:51:56	1	0	1	0
        110514	2026-07-08 07:52:03	1	0	1	0
        110423	2026-07-08 07:52:31	1	0	1	0
        117999	2026-07-08 07:54:38	1	0	1	0
        110372	2026-07-08 07:58:59	1	0	1	0
        110485	2026-07-08 08:00:44	1	0	16	0
        110393	2026-07-08 08:09:20	1	0	1	0
        119104	2026-07-08 08:10:00	1	0	1	0
        117965	2026-07-08 08:12:50	1	0	1	0
        117023	2026-07-08 08:16:07	1	0	1	0
        118584	2026-07-08 08:18:57	1	0	1	0
        117269	2026-07-08 08:24:25	1	0	1	0
        117700	2026-07-08 08:27:04	1	0	1	0
        110062	2026-07-08 08:30:00	1	0	1	0
        117077	2026-07-08 08:30:39	1	0	16	0
        117077	2026-07-08 08:30:41	1	0	16	0
        118221	2026-07-08 08:33:06	1	0	1	0
        116337	2026-07-08 08:38:19	1	0	1	0
        110413	2026-07-08 08:39:39	1	0	1	0
        117687	2026-07-08 08:40:06	1	0	1	0
        118407	2026-07-08 09:11:59	1	0	1	0
        110567	2026-07-08 11:51:54	1	0	1	0
        110373	2026-07-08 12:00:14	1	1	1	0
        118829	2026-07-08 12:00:20	1	1	1	0
        110817	2026-07-08 12:00:27	1	1	1	0
        118760	2026-07-08 12:00:55	1	1	1	0
        119107	2026-07-08 12:01:13	1	1	1	0
        116337	2026-07-08 12:01:24	1	1	1	0
        117077	2026-07-08 12:01:37	1	1	16	0
        117077	2026-07-08 12:01:39	1	1	16	0
        116537	2026-07-08 12:01:52	1	1	1	0
        110477	2026-07-08 12:02:03	1	1	1	0
        116953	2026-07-08 12:02:23	1	1	1	0
        118043	2026-07-08 12:02:28	1	1	1	0
        119340	2026-07-08 12:03:22	1	1	1	0
        118301	2026-07-08 12:03:45	1	1	1	0
        110423	2026-07-08 12:03:53	1	1	1	0
        110062	2026-07-08 12:04:17	1	1	1	0
        110053	2026-07-08 12:04:25	1	1	1	0
        118829	2026-07-08 12:04:33	1	0	1	0
        117133	2026-07-08 12:04:53	1	0	1	0
        116551	2026-07-08 12:05:01	1	0	1	0
        116337	2026-07-08 12:05:05	1	0	1	0
        118584	2026-07-08 12:05:28	1	1	1	0
        117077	2026-07-08 12:05:35	1	0	16	0
        118760	2026-07-08 12:06:22	1	0	1	0
        110062	2026-07-08 12:06:34	1	0	1	0
        116953	2026-07-08 12:06:37	1	0	1	0
        110083	2026-07-08 12:07:19	1	1	1	0
        117700	2026-07-08 12:07:26	1	1	1	0
        116537	2026-07-08 12:07:40	1	1	1	0
        116790	2026-07-08 12:07:51	1	1	1	0
        110032	2026-07-08 12:08:01	1	1	1	0
        116551	2026-07-08 12:08:15	1	0	1	0
        117341	2026-07-08 12:08:21	1	0	1	0
        119107	2026-07-08 12:08:31	1	0	1	0
        118221	2026-07-08 12:08:37	1	1	1	0
        110477	2026-07-08 12:08:44	1	0	1	0
        110423	2026-07-08 12:08:49	1	0	1	0
        116492	2026-07-08 12:09:00	1	1	1	0
        117965	2026-07-08 12:09:14	1	1	1	0
        118862	2026-07-08 12:09:21	1	1	1	0
        119340	2026-07-08 12:09:31	1	0	1	0
        117133	2026-07-08 12:11:21	1	0	16	0
        117999	2026-07-08 12:11:33	1	1	1	0
        118301	2026-07-08 12:12:25	1	0	1	0
        118862	2026-07-08 12:12:34	1	0	1	0
        118503	2026-07-08 12:12:43	1	1	1	0
        116790	2026-07-08 12:13:23	1	0	1	0
        119365	2026-07-08 12:14:48	1	1	1	0
        116493	2026-07-08 12:14:58	1	1	1	0
        118221	2026-07-08 12:15:11	1	0	1	0
        118503	2026-07-08 12:15:52	1	0	16	0
        117965	2026-07-08 12:16:06	1	0	1	0
        117700	2026-07-08 12:16:38	1	0	1	0
        110032	2026-07-08 12:17:01	1	0	1	0
        110514	2026-07-08 12:17:19	1	1	1	0
        110821	2026-07-08 12:17:26	1	1	1	0
        110430	2026-07-08 12:17:32	1	1	1	0
        117269	2026-07-08 12:18:31	1	1	1	0
        110193	2026-07-08 12:18:58	1	1	1	0
        110372	2026-07-08 12:19:03	1	1	1	0
        116492	2026-07-08 12:19:21	1	0	1	0
        116493	2026-07-08 12:20:00	1	0	1	0
        116835	2026-07-08 12:20:12	1	1	1	0
        117341	2026-07-08 12:20:50	1	1	1	0
        117242	2026-07-08 12:21:01	1	1	1	0
        110193	2026-07-08 12:22:16	1	0	1	0
        119365	2026-07-08 12:22:23	1	0	1	0
        110372	2026-07-08 12:22:36	1	0	1	0
        110430	2026-07-08 12:22:41	1	0	1	0
        116835	2026-07-08 12:23:08	1	0	1	0
        110449	2026-07-08 12:23:17	1	0	1	0
        110449	2026-07-08 12:23:18	1	0	16	0
        110053	2026-07-08 12:23:33	1	0	1	0
        118584	2026-07-08 12:25:19	1	0	1	0
        117242	2026-07-08 12:26:25	1	0	1	0
        110413	2026-07-08 12:26:40	1	1	1	0
        110449	2026-07-08 12:26:56	1	0	1	0
        118043	2026-07-08 12:27:39	1	0	1	0
        110485	2026-07-08 12:27:57	1	1	1	0
        110817	2026-07-08 12:28:08	1	1	16	0
        110373	2026-07-08 12:28:24	1	0	1	0
        117023	2026-07-08 12:28:36	1	1	1	0
        118407	2026-07-08 12:29:13	1	1	1	0
        110817	2026-07-08 12:29:40	1	1	16	0
        110817	2026-07-08 12:29:42	1	1	1	0
        118407	2026-07-08 12:31:03	1	0	1	0
        110821	2026-07-08 12:32:37	1	0	1	0
        110514	2026-07-08 12:32:46	1	0	1	0
        110083	2026-07-08 12:32:56	1	0	1	0
        119602	2026-07-08 12:33:04	1	1	1	0
        117687	2026-07-08 12:33:12	1	1	1	0
        110393	2026-07-08 12:33:29	1	1	1	0
        117269	2026-07-08 12:33:37	1	0	1	0
        117999	2026-07-08 12:35:13	1	0	1	0
        117687	2026-07-08 12:38:56	1	0	1	0
        110393	2026-07-08 12:39:05	1	0	1	0
        110413	2026-07-08 12:39:11	1	0	1	0
        119602	2026-07-08 12:39:18	1	0	1	0
        117023	2026-07-08 12:43:44	1	0	1	0
        110485	2026-07-08 12:52:06	1	0	1	0
        119104	2026-07-08 12:55:59	1	1	1	0
        110183	2026-07-08 12:56:25	1	1	1	0
        110183	2026-07-08 12:59:23	1	0	1	0
        119104	2026-07-08 12:59:27	1	0	1	0
        117242	2026-07-08 17:02:45	1	1	1	0
        110193	2026-07-08 17:12:08	1	1	1	0
        110514	2026-07-08 17:12:49	1	1	1	0
        110430	2026-07-08 17:13:02	1	1	1	0
        110183	2026-07-08 17:13:07	1	1	1	0
        110821	2026-07-08 17:13:12	1	1	1	0
        110372	2026-07-08 17:13:17	1	1	1	0
        116835	2026-07-08 17:13:23	1	1	1	0
        119365	2026-07-08 18:01:30	1	1	1	0
        116551	2026-07-08 18:02:24	1	1	1	0
        110477	2026-07-08 18:02:29	1	1	1	0
        118503	2026-07-08 18:04:17	1	1	16	0
        119340	2026-07-08 18:14:09	1	1	1	0
        118043	2026-07-08 18:14:14	1	1	1	0
        118301	2026-07-08 18:14:24	1	1	1	0
        118760	2026-07-08 18:19:39	1	1	1	0
        118407	2026-07-08 18:20:46	1	1	1	0
        116492	2026-07-08 18:26:21	1	1	1	0
        110413	2026-07-08 18:28:00	1	1	1	0
        117687	2026-07-08 18:28:06	1	1	1	0
        118829	2026-07-08 18:32:01	1	1	1	0
        117133	2026-07-08 18:35:34	1	1	1	0
        110449	2026-07-08 18:36:32	1	1	1	0
        110817	2026-07-08 18:37:07	1	1	16	0
        110817	2026-07-08 18:37:08	1	1	1	0
        110817	2026-07-08 18:37:09	1	1	16	0
        119104	2026-07-08 18:39:54	1	1	1	0
        116953	2026-07-08 18:41:26	1	1	1	0
        116790	2026-07-08 18:41:32	1	1	1	0
        116493	2026-07-08 18:48:47	1	1	1	0
        110373	2026-07-08 18:49:21	1	1	1	0
        117341	2026-07-08 18:54:53	1	1	1	0
        116537	2026-07-08 18:55:00	1	1	1	0
        110423	2026-07-08 18:55:22	1	1	1	0
        110032	2026-07-08 18:57:17	1	1	1	0
        117999	2026-07-08 18:58:48	1	1	1	0
        119602	2026-07-08 18:58:58	1	1	1	0
        110393	2026-07-08 18:59:00	1	1	1	0
        117965	2026-07-08 19:00:05	1	1	1	0
        117700	2026-07-08 19:01:03	1	1	1	0
        117077	2026-07-08 19:01:29	1	1	16	0
        110485	2026-07-08 19:02:02	1	1	16	0
        118221	2026-07-08 19:03:06	1	1	1	0
        110062	2026-07-08 19:04:08	1	1	1	0
        110053	2026-07-08 19:04:59	1	1	1	0
        119107	2026-07-08 19:06:53	1	1	1	0
        117023	2026-07-08 19:08:44	1	1	1	0
        118584	2026-07-08 19:08:49	1	1	1	0
        110083	2026-07-08 19:09:40	1	1	1	0
        118862	2026-07-08 19:26:24	1	1	1	0
        119365	2026-07-09 06:50:10	1	0	1	0
        116551	2026-07-09 06:50:16	1	0	1	0
        110477	2026-07-09 06:55:38	1	0	1	0
        119340	2026-07-09 06:55:54	1	0	1	0
        116492	2026-07-09 07:09:12	1	0	1	0
        119602	2026-07-09 07:11:40	1	0	1	0
        118301	2026-07-09 07:13:01	1	0	1	0
        118043	2026-07-09 07:14:24	1	0	1	0
        118509	2026-07-09 07:20:54	1	0	1	0
        118760	2026-07-09 07:21:09	1	0	1	0
        117965	2026-07-09 07:31:16	1	0	1	0
        110032	2026-07-09 07:35:26	1	0	1	0
        117242	2026-07-09 07:36:16	1	0	1	0
        110083	2026-07-09 07:36:25	1	0	1	0
        110374	2026-07-09 07:39:23	1	0	1	0
        118407	2026-07-09 07:40:38	1	0	1	0
        117971	2026-07-09 07:41:07	1	0	1	0
        110423	2026-07-09 07:44:15	1	0	1	0
        117269	2026-07-09 07:46:15	1	0	1	0
        117133	2026-07-09 07:46:36	1	0	1	0
        119107	2026-07-09 07:48:57	1	0	1	0
        110821	2026-07-09 07:49:11	1	0	1	0
        110183	2026-07-09 07:50:56	1	0	1	0
        116953	2026-07-09 07:53:26	1	0	1	0
        119104	2026-07-09 07:57:22	1	0	1	0
        110430	2026-07-09 07:58:24	1	0	1	0
        116493	2026-07-09 07:59:25	1	0	1	0
        116537	2026-07-09 08:00:06	1	0	1	0
        117341	2026-07-09 08:00:20	1	0	1	0
        110053	2026-07-09 08:03:36	1	0	1	0
        116835	2026-07-09 08:03:58	1	0	1	0
        118829	2026-07-09 08:06:25	1	0	1	0
        118503	2026-07-09 08:08:54	1	0	1	0
        110062	2026-07-09 08:28:20	1	0	1	0
        117700	2026-07-09 08:31:58	1	0	1	0
        117077	2026-07-09 08:32:20	1	0	16	0
        117687	2026-07-09 08:36:21	1	0	1	0
        110485	2026-07-09 08:38:16	1	0	16	0
        110485	2026-07-09 08:38:18	1	0	16	0
        117023	2026-07-09 08:59:24	1	0	1	0
        110372	2026-07-09 08:59:30	1	0	1	0
        118584	2026-07-09 09:05:50	1	0	1	0
        110514	2026-07-09 10:42:32	1	0	1	0
        118509	2026-07-09 12:00:52	1	1	1	0
        110393	2026-07-09 12:01:01	1	1	1	0
        119602	2026-07-09 12:01:04	1	1	1	0
        117687	2026-07-09 12:01:10	1	1	1	0
        117077	2026-07-09 12:01:20	1	1	16	0
        117077	2026-07-09 12:01:22	1	1	16	0
        118301	2026-07-09 12:01:41	1	1	1	0
        110477	2026-07-09 12:01:47	1	1	1	0
        117700	2026-07-09 12:03:01	1	1	1	0
        110032	2026-07-09 12:03:10	1	1	1	0
        116537	2026-07-09 12:03:15	1	1	1	0
        116953	2026-07-09 12:03:19	1	1	1	0
        117023	2026-07-09 12:03:59	1	1	1	0
        110393	2026-07-09 12:04:16	1	0	1	0
        117687	2026-07-09 12:04:28	1	0	1	0
        118584	2026-07-09 12:05:44	1	1	1	0
        117077	2026-07-09 12:06:06	1	0	16	0
        110374	2026-07-09 12:06:14	1	0	1	0
        117971	2026-07-09 12:06:23	1	1	1	0
        116835	2026-07-09 12:06:56	1	1	1	0
        110372	2026-07-09 12:07:01	1	1	1	0
        110821	2026-07-09 12:07:04	1	1	1	0
        110062	2026-07-09 12:07:12	1	1	1	0
        118829	2026-07-09 12:07:19	1	1	1	0
        116953	2026-07-09 12:07:48	1	0	1	0
        118584	2026-07-09 12:08:06	1	0	1	0
        116537	2026-07-09 12:08:37	1	0	1	0
        110477	2026-07-09 12:09:16	1	0	1	0
        117341	2026-07-09 12:09:20	1	0	1	0
        110062	2026-07-09 12:09:35	1	0	1	0
        110430	2026-07-09 12:09:49	1	0	1	0
        117700	2026-07-09 12:10:05	1	0	1	0
        110430	2026-07-09 12:10:16	1	1	1	0
        118043	2026-07-09 12:10:22	1	1	1	0
        110423	2026-07-09 12:10:27	1	1	1	0
        110821	2026-07-09 12:10:35	1	0	1	0
        110032	2026-07-09 12:10:43	1	0	1	0
        116835	2026-07-09 12:10:47	1	0	1	0
        110372	2026-07-09 12:10:51	1	0	1	0
        117965	2026-07-09 12:11:02	1	1	1	0
        118829	2026-07-09 12:11:08	1	0	1	0
        110053	2026-07-09 12:11:44	1	1	1	0
        119107	2026-07-09 12:11:54	1	1	1	0
        110485	2026-07-09 12:12:07	1	1	1	0
        118509	2026-07-09 12:12:29	1	0	1	0
        118509	2026-07-09 12:12:30	1	0	1	0
        116493	2026-07-09 12:12:52	1	1	1	0
        117341	2026-07-09 12:14:00	1	1	1	0
        117242	2026-07-09 12:14:32	1	1	1	0
        110083	2026-07-09 12:14:48	1	1	1	0
        110485	2026-07-09 12:15:12	1	0	1	0
        118503	2026-07-09 12:15:31	1	1	1	0
        116551	2026-07-09 12:16:12	1	1	1	0
        117965	2026-07-09 12:16:41	1	0	1	0
        118407	2026-07-09 12:17:34	1	1	1	0
        110423	2026-07-09 12:18:35	1	0	1	0
        119107	2026-07-09 12:19:24	1	0	1	0
        116493	2026-07-09 12:19:44	1	0	1	0
        118760	2026-07-09 12:22:26	1	1	1	0
        119104	2026-07-09 12:22:39	1	1	1	0
        116492	2026-07-09 12:22:50	1	1	1	0
        118503	2026-07-09 12:23:08	1	0	1	0
        117269	2026-07-09 12:24:04	1	1	1	0
        110053	2026-07-09 12:24:12	1	0	1	0
        116492	2026-07-09 12:25:22	1	0	16	0
        116492	2026-07-09 12:25:24	1	0	16	0
        116492	2026-07-09 12:25:26	1	0	16	0
        116492	2026-07-09 12:25:34	1	0	1	0
        119104	2026-07-09 12:26:35	1	0	1	0
        110083	2026-07-09 12:26:54	1	0	1	0
        118301	2026-07-09 12:26:57	1	0	1	0
        117242	2026-07-09 12:27:58	1	0	1	0
        117023	2026-07-09 12:36:25	1	0	1	0
        116551	2026-07-09 12:37:17	1	0	1	0
        119602	2026-07-09 12:37:56	1	0	1	0
        118407	2026-07-09 12:37:59	1	0	1	0
        117971	2026-07-09 12:41:46	1	0	1	0
        118043	2026-07-09 12:43:26	1	0	1	0
        110374	2026-07-09 12:47:45	1	0	1	0
        118760	2026-07-09 12:52:48	1	0	1	0
        110183	2026-07-09 12:52:59	1	1	1	0
        110183	2026-07-09 12:57:36	1	0	1	0
        118760	2026-07-09 14:35:28	1	1	1	0
        118503	2026-07-09 15:57:57	1	1	1	0
        117242	2026-07-09 16:43:01	1	1	1	0
        116493	2026-07-09 17:31:55	1	1	1	0
        110183	2026-07-09 17:56:49	1	1	1	0
        110514	2026-07-09 17:56:55	1	1	1	0
        119104	2026-07-09 17:57:01	1	1	1	0
        110821	2026-07-09 17:57:06	1	1	1	0
        110477	2026-07-09 18:02:34	1	1	1	0
        116551	2026-07-09 18:04:59	1	1	1	0
        119340	2026-07-09 18:05:03	1	1	1	0
        119365	2026-07-09 18:05:58	1	1	1	0
        118301	2026-07-09 18:14:07	1	1	1	0
        118043	2026-07-09 18:16:04	1	1	1	0
        117687	2026-07-09 18:20:06	1	1	1	0
        116492	2026-07-09 18:24:38	1	1	1	0
        110083	2026-07-09 18:30:51	1	1	1	0
        118509	2026-07-09 18:36:52	1	1	16	0
        110374	2026-07-09 18:46:10	1	1	1	0
        110423	2026-07-09 18:46:16	1	1	1	0
        110393	2026-07-09 18:46:43	1	1	1	0
        117971	2026-07-09 18:49:42	1	1	1	0
        117965	2026-07-09 18:49:56	1	1	1	0
        117133	2026-07-09 18:50:23	1	1	1	0
        118829	2026-07-09 18:57:53	1	1	1	0
        116953	2026-07-09 19:01:38	1	1	1	0
        116537	2026-07-09 19:01:41	1	1	1	0
        117077	2026-07-09 19:01:59	1	1	16	0
        117077	2026-07-09 19:02:01	1	1	16	0
        117269	2026-07-09 19:02:10	1	1	1	0
        117341	2026-07-09 19:03:53	1	1	1	0
        117700	2026-07-09 19:04:06	1	1	1	0
        119107	2026-07-09 19:05:09	1	1	1	0
        110053	2026-07-09 19:06:48	1	1	1	0
        119602	2026-07-09 19:06:56	1	1	1	0
        110485	2026-07-09 19:10:55	1	1	1	0
        110062	2026-07-09 19:11:00	1	1	1	0
        117023	2026-07-09 19:14:22	1	1	1	0
        118584	2026-07-09 19:14:28	1	1	1	0
        118407	2026-07-09 19:28:11	1	1	1	0
        110372	2026-07-09 21:15:47	1	1	1	0
        119602	2026-07-10 07:18:50	1	1	1	0
        117242	2026-07-10 07:40:13	1	1	1	0
        110193	2026-07-10 07:43:06	1	0	1	0
        110430	2026-07-10 07:45:59	1	0	1	0
        110183	2026-07-10 07:55:08	1	0	1	0
        110372	2026-07-10 07:58:50	1	0	1	0
        110514	2026-07-10 07:59:16	1	0	1	0
        110821	2026-07-10 07:59:20	1	0	1	0
        119104	2026-07-10 08:03:59	1	0	1	0
        117687	2026-07-10 08:24:23	1	0	1	0
        110200	2026-07-10 08:30:31	1	0	1	0
        110200	2026-07-10 08:30:33	1	0	1	0
        118407	2026-07-10 08:48:36	1	0	1	0
        110200	2026-07-10 12:00:52	1	0	1	0
        110200	2026-07-10 12:00:59	1	1	1	0
        110200	2026-07-10 12:01:09	1	1	1	0
        110430	2026-07-10 12:06:31	1	1	1	0
        110514	2026-07-10 12:06:35	1	1	1	0
        110183	2026-07-10 12:06:38	1	1	1	0
        110821	2026-07-10 12:06:43	1	1	1	0
        119602	2026-07-10 12:14:00	1	1	1	0
        118407	2026-07-10 12:17:53	1	1	1	0
        117999	2026-07-10 12:18:32	1	0	1	0
        110372	2026-07-10 12:19:11	1	1	1	0
        117687	2026-07-10 12:19:15	1	1	1	0
        119602	2026-07-10 12:19:45	1	0	1	0
        117242	2026-07-10 12:21:10	1	0	1	0
        118407	2026-07-10 12:21:36	1	0	1	0
        110372	2026-07-10 12:22:26	1	0	1	0
        117687	2026-07-10 12:22:32	1	0	1	0
        117242	2026-07-10 12:23:49	1	0	1	0
        110200	2026-07-10 12:26:19	1	0	1	0
        110514	2026-07-10 12:28:30	1	0	1	0
        110430	2026-07-10 12:28:39	1	0	1	0
        110183	2026-07-10 12:28:45	1	0	1	0
        110821	2026-07-10 12:28:48	1	0	1	0
        119104	2026-07-10 12:42:05	1	1	1	0
        119104	2026-07-10 12:46:11	1	0	1	0
        110193	2026-07-10 12:47:16	1	1	1	0
        110193	2026-07-10 12:58:02	1	0	1	0
        110514	2026-07-10 17:29:09	1	1	1	0
        110430	2026-07-10 17:29:14	1	1	1	0
        110183	2026-07-10 17:29:20	1	1	1	0
        119104	2026-07-10 17:29:46	1	1	1	0
        110821	2026-07-10 17:29:52	1	1	1	0
        117242	2026-07-10 17:36:58	1	1	1	0
        117687	2026-07-10 17:44:51	1	1	1	0
        117999	2026-07-10 17:51:34	1	1	1	0
        119602	2026-07-10 17:51:44	1	1	1	0
        110372	2026-07-10 17:51:51	1	1	1	0
        118407	2026-07-10 17:51:56	1	1	1	0
        110200	2026-07-10 19:34:54	1	1	1	0
        118414	2026-07-13 06:24:33	1	0	1	0
        117725	2026-07-13 06:26:34	1	0	16	0
        117725	2026-07-13 06:26:36	1	0	16	0
        117725	2026-07-13 06:26:56	1	0	16	0
        118741	2026-07-13 06:30:32	1	0	1	0
        116835	2026-07-13 06:44:37	1	0	1	0
        119107	2026-07-13 06:53:57	1	0	16	0
        119107	2026-07-13 06:53:59	1	0	1	0
        110051	2026-07-13 06:57:00	1	0	1	0
        110567	2026-07-13 07:01:24	1	0	1	0
        118001	2026-07-13 07:03:10	1	0	1	0
        116551	2026-07-13 07:03:25	1	0	1	0
        117999	2026-07-13 07:03:30	1	0	1	0
        117999	2026-07-13 07:03:45	1	0	1	0
        119602	2026-07-13 07:06:57	1	0	1	0
        110820	2026-07-13 07:13:53	1	0	1	0
        118640	2026-07-13 07:16:33	1	0	1	0
        117642	2026-07-13 07:19:11	1	0	1	0
        110374	2026-07-13 07:20:32	1	0	1	0
        119365	2026-07-13 07:20:46	1	0	1	0
        110373	2026-07-13 07:21:26	1	0	1	0
        116492	2026-07-13 07:21:58	1	0	1	0
        118503	2026-07-13 07:22:15	1	0	1	0
        116953	2026-07-13 07:22:18	1	0	1	0
        118760	2026-07-13 07:25:17	1	0	1	0
        110423	2026-07-13 07:25:23	1	0	1	0
        110818	2026-07-13 07:25:29	1	0	1	0
        116493	2026-07-13 07:26:07	1	0	1	0
        110477	2026-07-13 07:26:18	1	0	1	0
        117242	2026-07-13 07:28:32	1	0	1	0
        118043	2026-07-13 07:28:38	1	0	1	0
        110372	2026-07-13 07:31:11	1	0	1	0
        119104	2026-07-13 07:32:44	1	0	1	0
        110816	2026-07-13 07:36:47	1	0	1	0
        110821	2026-07-13 07:37:31	1	0	1	0
        118829	2026-07-13 07:40:38	1	0	1	0
        118862	2026-07-13 07:41:06	1	0	1	0
        110485	2026-07-13 07:41:17	1	0	1	0
        110018	2026-07-13 07:41:50	1	0	1	0
        110053	2026-07-13 07:42:39	1	0	1	0
        117707	2026-07-13 07:44:40	1	0	1	0
        110183	2026-07-13 07:46:05	1	0	1	0
        119475	2026-07-13 07:46:36	1	0	1	0
        117023	2026-07-13 07:47:50	1	0	1	0
        116537	2026-07-13 07:48:01	1	0	1	0
        117341	2026-07-13 07:48:05	1	0	1	0
        110514	2026-07-13 07:49:24	1	0	1	0
        118221	2026-07-13 07:51:16	1	0	1	0
        110430	2026-07-13 07:52:22	1	0	1	0
        118301	2026-07-13 07:53:07	1	0	1	0
        110083	2026-07-13 07:53:23	1	0	1	0
        117269	2026-07-13 07:54:32	1	0	1	0
        119340	2026-07-13 07:54:38	1	0	1	0
        117716	2026-07-13 07:55:17	1	0	1	0
        116790	2026-07-13 07:56:51	1	0	1	0
        117133	2026-07-13 07:58:46	1	0	16	0
        110200	2026-07-13 08:04:40	1	0	1	0
        110200	2026-07-13 08:04:42	1	0	1	0
        117700	2026-07-13 08:11:08	1	0	1	0
        118407	2026-07-13 08:23:19	1	0	1	0
        117687	2026-07-13 08:24:29	1	0	1	0
        117077	2026-07-13 08:33:18	1	0	16	0
        110193	2026-07-13 08:40:26	1	0	1	0
        110506	2026-07-13 08:40:58	1	0	1	0
        110198	2026-07-13 08:41:06	1	0	16	0
        110198	2026-07-13 08:41:08	1	0	16	0
        110193	2026-07-13 12:00:05	1	1	1	0
        110198	2026-07-13 12:00:13	1	1	1	0
        110506	2026-07-13 12:00:17	1	1	1	0
        110051	2026-07-13 12:00:24	1	1	1	0
        117133	2026-07-13 12:00:30	1	1	1	0
        118862	2026-07-13 12:00:50	1	1	1	0
        110477	2026-07-13 12:00:56	1	1	1	0
        118760	2026-07-13 12:01:01	1	1	1	0
        118829	2026-07-13 12:01:05	1	1	1	0
        119340	2026-07-13 12:01:10	1	1	1	0
        118640	2026-07-13 12:01:15	1	1	1	0
        117077	2026-07-13 12:01:24	1	1	16	0
        118043	2026-07-13 12:01:35	1	1	1	0
        118503	2026-07-13 12:01:40	1	1	1	0
        119107	2026-07-13 12:01:47	1	1	16	0
        119107	2026-07-13 12:01:49	1	1	16	0
        119107	2026-07-13 12:01:51	1	1	1	0
        116492	2026-07-13 12:02:07	1	1	1	0
        118407	2026-07-13 12:02:42	1	1	1	0
        110423	2026-07-13 12:02:47	1	1	1	0
        119104	2026-07-13 12:03:07	1	1	1	0
        117341	2026-07-13 12:03:10	1	1	1	0
        117716	2026-07-13 12:03:13	1	1	1	0
        117700	2026-07-13 12:03:18	1	1	1	0
        110820	2026-07-13 12:03:51	1	1	1	0
        110818	2026-07-13 12:03:56	1	1	1	0
        110816	2026-07-13 12:04:29	1	1	1	0
        119340	2026-07-13 12:04:39	1	0	1	0
        118862	2026-07-13 12:04:45	1	0	1	0
        117999	2026-07-13 12:05:00	1	1	1	0
        118829	2026-07-13 12:05:07	1	0	1	0
        118640	2026-07-13 12:05:21	1	0	1	0
        118760	2026-07-13 12:05:27	1	0	1	0
        116953	2026-07-13 12:05:35	1	1	1	0
        110083	2026-07-13 12:05:40	1	1	1	0
        116537	2026-07-13 12:05:52	1	1	1	0
        118301	2026-07-13 12:05:56	1	1	1	0
        117971	2026-07-13 12:06:08	1	1	1	0
        110373	2026-07-13 12:06:11	1	1	1	0
        110374	2026-07-13 12:06:19	1	1	1	0
        110183	2026-07-13 12:06:34	1	1	1	0
        110430	2026-07-13 12:06:41	1	1	1	0
        110514	2026-07-13 12:06:52	1	1	1	0
        110821	2026-07-13 12:06:57	1	1	1	0
        116790	2026-07-13 12:07:01	1	1	1	0
        119107	2026-07-13 12:07:11	1	1	1	0
        119365	2026-07-13 12:07:30	1	1	1	0
        117242	2026-07-13 12:07:38	1	1	1	0
        117133	2026-07-13 12:08:32	1	0	1	0
        117716	2026-07-13 12:08:38	1	0	1	0
        117077	2026-07-13 12:09:40	1	0	16	0
        117077	2026-07-13 12:09:42	1	0	16	0
        117725	2026-07-13 12:10:03	1	1	16	0
        117023	2026-07-13 12:10:29	1	1	1	0
        110567	2026-07-13 12:10:35	1	1	1	0
        116537	2026-07-13 12:10:40	1	0	1	0
        116953	2026-07-13 12:11:15	1	0	1	0
        110423	2026-07-13 12:11:55	1	0	1	0
        118221	2026-07-13 12:12:56	1	1	1	0
        116790	2026-07-13 12:13:08	1	0	1	0
        110183	2026-07-13 12:13:34	1	0	1	0
        110430	2026-07-13 12:13:37	1	0	1	0
        118414	2026-07-13 12:13:50	1	1	1	0
        110821	2026-07-13 12:13:56	1	0	1	0
        117341	2026-07-13 12:14:42	1	0	1	0
        110514	2026-07-13 12:14:49	1	0	1	0
        117023	2026-07-13 12:15:13	1	0	1	0
        110567	2026-07-13 12:15:19	1	0	1	0
        118414	2026-07-13 12:16:38	1	0	1	0
        119602	2026-07-13 12:17:54	1	1	1	0
        110818	2026-07-13 12:18:02	1	0	1	0
        118043	2026-07-13 12:18:11	1	0	1	0
        116492	2026-07-13 12:18:35	1	0	1	0
        117269	2026-07-13 12:18:45	1	1	1	0
        110820	2026-07-13 12:19:18	1	0	1	0
        117999	2026-07-13 12:20:20	1	0	1	0
        110018	2026-07-13 12:21:21	1	1	1	0
        116551	2026-07-13 12:21:28	1	1	1	0
        116493	2026-07-13 12:21:33	1	1	1	0
        110053	2026-07-13 12:21:40	1	1	1	0
        117700	2026-07-13 12:22:17	1	0	1	0
        110083	2026-07-13 12:22:35	1	0	1	0
        119104	2026-07-13 12:23:21	1	0	1	0
        110018	2026-07-13 12:23:44	1	0	1	0
        119602	2026-07-13 12:23:52	1	0	1	0
        118221	2026-07-13 12:24:13	1	0	1	0
        119365	2026-07-13 12:24:48	1	0	1	0
        116551	2026-07-13 12:25:41	1	0	1	0
        110477	2026-07-13 12:26:15	1	0	1	0
        117642	2026-07-13 12:26:34	1	0	1	0
        117642	2026-07-13 12:26:42	1	1	1	0
        110372	2026-07-13 12:29:00	1	1	1	0
        116835	2026-07-13 12:29:12	1	1	1	0
        118407	2026-07-13 12:29:51	1	0	1	0
        117642	2026-07-13 12:30:33	1	0	1	0
        118001	2026-07-13 12:30:54	1	1	1	0
        117707	2026-07-13 12:31:25	1	1	1	0
        110816	2026-07-13 12:31:33	1	0	1	0
        119475	2026-07-13 12:32:08	1	1	1	0
        118741	2026-07-13 12:32:12	1	1	1	0
        118301	2026-07-13 12:33:05	1	0	1	0
        117242	2026-07-13 12:33:10	1	0	1	0
        117707	2026-07-13 12:34:15	1	0	1	0
        110372	2026-07-13 12:34:25	1	0	1	0
        116835	2026-07-13 12:34:30	1	0	1	0
        118001	2026-07-13 12:35:25	1	0	1	0
        119475	2026-07-13 12:35:42	1	0	1	0
        117269	2026-07-13 12:36:28	1	0	1	0
        110053	2026-07-13 12:38:52	1	0	1	0
        110485	2026-07-13 12:41:05	1	1	1	0
        110485	2026-07-13 12:45:32	1	0	1	0
        118503	2026-07-13 12:46:12	1	0	1	0
        110374	2026-07-13 12:46:19	1	0	1	0
        110373	2026-07-13 12:46:27	1	0	1	0
        110200	2026-07-13 12:48:30	1	1	1	0
        110200	2026-07-13 12:48:34	1	1	1	0
        118741	2026-07-13 12:48:49	1	0	1	0
        110051	2026-07-13 12:52:46	1	0	1	0
        117725	2026-07-13 12:57:09	1	0	1	0
        110200	2026-07-13 12:59:34	1	0	1	0
        110193	2026-07-13 13:23:36	1	0	1	0
        119602	2026-07-13 16:00:14	1	1	1	0
        118503	2026-07-13 17:00:28	1	1	1	0
        118640	2026-07-13 17:00:31	1	1	1	0
        118829	2026-07-13 17:01:06	1	1	1	0
        119365	2026-07-13 17:01:10	1	1	1	0
        110477	2026-07-13 17:01:13	1	1	1	0
        116551	2026-07-13 17:03:03	1	1	1	0
        119340	2026-07-13 17:03:07	1	1	1	0
        117716	2026-07-13 17:03:24	1	1	1	0
        118301	2026-07-13 17:04:29	1	1	1	0
        117242	2026-07-13 17:04:57	1	1	1	0
        118043	2026-07-13 17:05:10	1	1	1	0
        117269	2026-07-13 17:05:17	1	1	1	0
        117133	2026-07-13 17:06:02	1	1	1	0
        110485	2026-07-13 17:06:14	1	1	1	0
        116537	2026-07-13 17:07:18	1	1	1	0
        117341	2026-07-13 17:07:32	1	1	1	0
        110083	2026-07-13 17:10:09	1	1	1	0
        110053	2026-07-13 17:10:50	1	1	1	0
        110200	2026-07-13 17:13:24	1	1	1	0
        118760	2026-07-13 17:14:45	1	1	1	0
        118862	2026-07-13 17:24:57	1	1	1	0
        110430	2026-07-13 17:28:40	1	1	1	0
        110821	2026-07-13 17:28:45	1	1	1	0
        110514	2026-07-13 17:28:51	1	1	1	0
        117700	2026-07-13 17:29:57	1	1	1	0
        110193	2026-07-13 17:30:19	1	1	1	0
        110198	2026-07-13 17:30:24	1	1	1	0
        110506	2026-07-13 17:30:27	1	1	1	0
        110051	2026-07-13 17:35:52	1	1	1	0
        119104	2026-07-13 17:36:04	1	1	1	0
        116953	2026-07-13 17:41:21	1	1	1	0
        117687	2026-07-13 17:43:14	1	1	1	0
        117687	2026-07-13 17:43:18	1	1	1	0
        110183	2026-07-13 17:47:48	1	1	1	0
        110372	2026-07-13 17:50:28	1	1	1	0
        116835	2026-07-13 17:50:33	1	1	1	0
        117999	2026-07-13 17:50:42	1	1	1	0
        118221	2026-07-13 17:50:58	1	1	1	0
        119107	2026-07-13 18:04:45	1	1	16	0
        119107	2026-07-13 18:04:47	1	1	1	0
        116790	2026-07-13 18:08:34	1	1	1	0
        118407	2026-07-13 18:09:31	1	1	1	0
        110567	2026-07-13 18:10:31	1	1	1	0
        110820	2026-07-13 18:19:11	1	1	1	0
        117725	2026-07-13 18:19:18	1	1	1	0
        118414	2026-07-13 18:19:25	1	1	1	0
        110374	2026-07-13 18:22:57	1	1	1	0
        118741	2026-07-13 18:23:16	1	1	1	0
        117642	2026-07-13 18:27:29	1	1	1	0
        118001	2026-07-13 18:28:14	1	1	1	0
        110818	2026-07-13 18:29:34	1	1	1	0
        116492	2026-07-13 18:30:21	1	1	1	0
        110373	2026-07-13 18:30:55	1	1	1	0
        110816	2026-07-13 18:37:11	1	1	1	0
        110423	2026-07-13 18:39:50	1	1	1	0
        117077	2026-07-13 18:41:26	1	1	16	0
        117077	2026-07-13 18:41:28	1	1	16	0
        119475	2026-07-13 18:49:11	1	1	1	0
        117707	2026-07-13 18:57:26	1	1	1	0
        110018	2026-07-13 18:59:01	1	1	1	0
        117023	2026-07-13 19:02:56	1	1	1	0
        118414	2026-07-14 06:28:16	1	0	1	0
        116953	2026-07-14 06:44:07	1	0	1	0
        110567	2026-07-14 06:51:29	1	0	1	0
        110193	2026-07-14 07:01:14	1	0	1	0
        110506	2026-07-14 07:01:43	1	0	1	0
        110198	2026-07-14 07:03:11	1	0	1	0
        110477	2026-07-14 07:04:36	1	0	1	0
        117133	2026-07-14 07:05:44	1	0	16	0
        117133	2026-07-14 07:05:47	1	0	16	0
        116835	2026-07-14 07:07:52	1	0	1	0
        119365	2026-07-14 07:08:35	1	0	1	0
        119602	2026-07-14 07:10:20	1	0	1	0
        119475	2026-07-14 07:12:38	1	0	1	0
        119340	2026-07-14 07:12:45	1	0	1	0
        116492	2026-07-14 07:15:00	1	0	1	0
        110423	2026-07-14 07:15:09	1	0	1	0
        118001	2026-07-14 07:16:03	1	0	1	0
        110820	2026-07-14 07:16:19	1	0	1	0
        118043	2026-07-14 07:18:29	1	0	1	0
        110051	2026-07-14 07:18:44	1	0	1	0
        116337	2026-07-14 07:20:09	1	0	1	0
        118503	2026-07-14 07:24:53	1	0	1	0
        110816	2026-07-14 07:33:31	1	0	1	0
        119104	2026-07-14 07:36:24	1	0	1	0
        116790	2026-07-14 07:37:01	1	0	1	0
        118760	2026-07-14 07:39:16	1	0	1	0
        117341	2026-07-14 07:40:03	1	0	1	0
        116537	2026-07-14 07:40:22	1	0	1	0
        110053	2026-07-14 07:40:27	1	0	1	0
        110083	2026-07-14 07:40:36	1	0	1	0
        118829	2026-07-14 07:40:53	1	0	1	0
        110430	2026-07-14 07:42:37	1	0	1	0
        110372	2026-07-14 07:44:46	1	0	1	0
        110032	2026-07-14 07:44:52	1	0	1	0
        116493	2026-07-14 07:45:21	1	0	1	0
        110817	2026-07-14 07:46:38	1	0	1	0
        110201	2026-07-14 07:49:48	1	0	1	0
        110183	2026-07-14 07:51:34	1	0	1	0
        110420	2026-07-14 07:52:11	1	0	1	0
        110018	2026-07-14 07:53:20	1	0	1	0
        117707	2026-07-14 07:54:39	1	0	1	0
        110062	2026-07-14 07:55:53	1	0	1	0
        110485	2026-07-14 07:58:45	1	0	16	0
        117242	2026-07-14 07:59:08	1	0	1	0
        110514	2026-07-14 08:03:13	1	0	1	0
        110821	2026-07-14 08:03:15	1	0	1	0
        119107	2026-07-14 08:04:13	1	0	1	0
        118862	2026-07-14 08:13:44	1	0	1	0
        117023	2026-07-14 08:16:59	1	0	1	0
        110413	2026-07-14 08:21:29	1	0	1	0
        118584	2026-07-14 08:26:22	1	0	1	0
        117700	2026-07-14 08:35:37	1	0	1	0
        117999	2026-07-14 08:39:35	1	0	1	0
        117077	2026-07-14 08:41:29	1	0	16	0
        117687	2026-07-14 08:42:04	1	0	1	0
        118221	2026-07-14 08:59:55	1	0	1	0
        119104	2026-07-14 12:00:16	1	1	1	0
        118584	2026-07-14 12:01:04	1	1	1	0
        117133	2026-07-14 12:01:10	1	1	1	0
        118043	2026-07-14 12:01:20	1	1	1	0
        118221	2026-07-14 12:01:43	1	1	1	0
        119107	2026-07-14 12:01:58	1	1	16	0
        119107	2026-07-14 12:02:00	1	1	16	0
        117341	2026-07-14 12:02:52	1	1	1	0
        117700	2026-07-14 12:02:56	1	1	1	0
        116953	2026-07-14 12:03:20	1	1	1	0
        117999	2026-07-14 12:03:54	1	1	1	0
        119340	2026-07-14 12:04:08	1	1	1	0
        117707	2026-07-14 12:04:13	1	1	1	0
        119104	2026-07-14 12:04:26	1	0	1	0
        110183	2026-07-14 12:04:32	1	1	1	0
        110420	2026-07-14 12:04:46	1	1	1	0
        118829	2026-07-14 12:04:52	1	1	1	0
        118862	2026-07-14 12:05:26	1	1	1	0
        110032	2026-07-14 12:05:32	1	1	1	0
        116537	2026-07-14 12:05:35	1	1	1	0
        110372	2026-07-14 12:05:44	1	1	1	0
        116835	2026-07-14 12:05:50	1	1	1	0
        110053	2026-07-14 12:05:58	1	1	1	0
        119107	2026-07-14 12:06:09	1	1	16	0
        119107	2026-07-14 12:06:11	1	1	16	0
        119107	2026-07-14 12:06:13	1	1	16	0
        118584	2026-07-14 12:06:17	1	0	1	0
        116337	2026-07-14 12:06:25	1	1	1	0
        117133	2026-07-14 12:06:27	1	1	1	0
        116790	2026-07-14 12:06:34	1	1	1	0
        110198	2026-07-14 12:06:48	1	1	1	0
        117700	2026-07-14 12:06:55	1	0	1	0
        110485	2026-07-14 12:07:03	1	1	1	0
        110506	2026-07-14 12:07:10	1	1	1	0
        118829	2026-07-14 12:07:17	1	0	1	0
        117341	2026-07-14 12:07:36	1	0	1	0
        117707	2026-07-14 12:07:40	1	0	1	0
        110514	2026-07-14 12:08:40	1	1	1	0
        110821	2026-07-14 12:08:41	1	1	1	0
        118221	2026-07-14 12:09:19	1	0	1	0
        110183	2026-07-14 12:09:46	1	0	1	0
        110372	2026-07-14 12:09:55	1	0	1	0
        116835	2026-07-14 12:10:01	1	0	1	0
        110420	2026-07-14 12:10:07	1	0	1	0
        118862	2026-07-14 12:10:13	1	0	1	0
        116953	2026-07-14 12:10:25	1	0	1	0
        119340	2026-07-14 12:10:31	1	0	1	0
        116337	2026-07-14 12:10:36	1	0	1	0
        116790	2026-07-14 12:10:41	1	0	1	0
        110821	2026-07-14 12:12:03	1	0	1	0
        110514	2026-07-14 12:12:16	1	0	1	0
        110198	2026-07-14 12:12:36	1	0	16	0
        110506	2026-07-14 12:12:47	1	0	1	0
        117242	2026-07-14 12:12:54	1	1	1	0
        110423	2026-07-14 12:13:39	1	1	1	0
        116492	2026-07-14 12:14:25	1	1	1	0
        118001	2026-07-14 12:14:30	1	1	1	0
        119365	2026-07-14 12:15:13	1	1	1	0
        110053	2026-07-14 12:15:23	1	0	1	0
        110062	2026-07-14 12:15:30	1	1	1	0
        116493	2026-07-14 12:15:34	1	1	1	0
        110430	2026-07-14 12:15:40	1	1	1	0
        110485	2026-07-14 12:15:53	1	0	1	0
        118043	2026-07-14 12:15:58	1	0	1	0
        118407	2026-07-14 12:16:16	1	1	1	0
        119475	2026-07-14 12:17:50	1	1	1	0
        118414	2026-07-14 12:17:56	1	1	1	0
        116492	2026-07-14 12:18:03	1	0	1	0
        118001	2026-07-14 12:18:16	1	0	1	0
        116493	2026-07-14 12:18:37	1	0	1	0
        119365	2026-07-14 12:18:43	1	0	1	0
        110430	2026-07-14 12:19:20	1	0	1	0
        110032	2026-07-14 12:20:02	1	0	1	0
        118414	2026-07-14 12:20:42	1	0	1	0
        110816	2026-07-14 12:21:30	1	1	1	0
        117999	2026-07-14 12:21:51	1	0	1	0
        110062	2026-07-14 12:21:55	1	0	1	0
        110423	2026-07-14 12:22:02	1	0	1	0
        110413	2026-07-14 12:24:30	1	1	1	0
        117687	2026-07-14 12:24:35	1	1	1	0
        110477	2026-07-14 12:24:41	1	1	1	0
        110018	2026-07-14 12:25:57	1	1	1	0
        110018	2026-07-14 12:27:50	1	0	1	0
        110816	2026-07-14 12:28:04	1	0	1	0
        110201	2026-07-14 12:28:36	1	0	1	0
        110201	2026-07-14 12:28:53	1	1	1	0
        110083	2026-07-14 12:29:59	1	1	1	0
        119475	2026-07-14 12:30:15	1	0	1	0
        117023	2026-07-14 12:30:40	1	1	1	0
        110820	2026-07-14 12:30:43	1	1	1	0
        117687	2026-07-14 12:31:59	1	0	1	0
        110413	2026-07-14 12:32:36	1	0	1	0
        110083	2026-07-14 12:35:46	1	0	1	0
        119602	2026-07-14 12:35:54	1	1	1	0
        110051	2026-07-14 12:36:00	1	1	1	0
        110201	2026-07-14 12:37:25	1	0	1	0
        117077	2026-07-14 12:38:15	1	0	16	0
        119602	2026-07-14 12:40:39	1	0	1	0
        117023	2026-07-14 12:40:44	1	0	1	0
        110193	2026-07-14 12:41:43	1	1	1	0
        118407	2026-07-14 12:44:18	1	0	1	0
        117242	2026-07-14 12:44:23	1	0	1	0
        117077	2026-07-14 12:45:16	1	0	16	0
        110477	2026-07-14 12:45:26	1	0	1	0
        110193	2026-07-14 12:47:17	1	0	1	0
        118760	2026-07-14 12:51:05	1	1	1	0
        118760	2026-07-14 12:52:50	1	0	1	0
        110051	2026-07-14 12:53:56	1	0	1	0
        118503	2026-07-14 12:54:18	1	1	1	0
        118503	2026-07-14 12:56:18	1	0	1	0
        110820	2026-07-14 12:57:29	1	0	1	0
        116551	2026-07-14 16:04:12	1	1	1	0
        117133	2026-07-14 16:12:07	1	1	1	0
        119365	2026-07-14 16:12:14	1	1	1	0
        110477	2026-07-14 16:16:59	1	1	1	0
        119340	2026-07-14 16:18:13	1	1	1	0
        118503	2026-07-14 16:28:17	1	1	1	0
        116337	2026-07-14 16:34:43	1	1	1	0
        116537	2026-07-14 16:41:27	1	1	1	0
        118760	2026-07-14 16:42:54	1	1	1	0
        118829	2026-07-14 16:44:07	1	1	1	0
        117341	2026-07-14 16:46:27	1	1	1	0
        116953	2026-07-14 16:50:18	1	1	1	0
        116790	2026-07-14 16:54:13	1	1	1	0
        117242	2026-07-14 17:04:14	1	1	1	0
        110051	2026-07-14 17:10:34	1	1	1	0
        110485	2026-07-14 17:11:18	1	1	1	0
        110053	2026-07-14 17:12:15	1	1	1	0
        117707	2026-07-14 17:14:02	1	1	1	0
        110083	2026-07-14 17:20:20	1	1	1	0
        110032	2026-07-14 17:32:33	1	1	1	0
        110183	2026-07-14 17:34:06	1	1	1	0
        110420	2026-07-14 17:34:32	1	1	1	0
        110430	2026-07-14 17:34:38	1	1	1	0
        110821	2026-07-14 17:34:44	1	1	1	0
        110514	2026-07-14 17:34:52	1	1	1	0
        118862	2026-07-14 17:36:17	1	1	1	0
        110198	2026-07-14 17:37:58	1	1	1	0
        110506	2026-07-14 17:38:06	1	1	1	0
        116493	2026-07-14 17:38:21	1	1	1	0
        110193	2026-07-14 17:39:03	1	1	1	0
        116835	2026-07-14 17:39:08	1	1	1	0
        110372	2026-07-14 17:39:13	1	1	1	0
        117077	2026-07-14 17:40:44	1	1	16	0
        117077	2026-07-14 17:40:46	1	1	16	0
        119104	2026-07-14 17:43:19	1	1	1	0
        117700	2026-07-14 17:47:11	1	1	1	0
        118407	2026-07-14 17:57:08	1	1	1	0
        118414	2026-07-14 18:04:00	1	1	1	0
        118043	2026-07-14 18:11:39	1	1	1	0
        119475	2026-07-14 18:17:32	1	1	1	0
        118221	2026-07-14 18:21:20	1	1	1	0
        110423	2026-07-14 18:23:17	1	1	1	0
        110820	2026-07-14 18:24:33	1	1	1	0
        116492	2026-07-14 18:26:42	1	1	1	0
        118001	2026-07-14 18:26:49	1	1	1	0
        117687	2026-07-14 18:29:59	1	1	1	0
        110818	2026-07-14 18:30:57	1	1	1	0
        110817	2026-07-14 18:36:31	1	1	1	0
        110816	2026-07-14 18:37:07	1	1	1	0
        110816	2026-07-14 18:37:11	1	1	1	0
        110062	2026-07-14 18:40:32	1	1	1	0
        110413	2026-07-14 18:59:24	1	1	1	0
        110018	2026-07-14 18:59:50	1	1	1	0
        110201	2026-07-14 19:05:32	1	1	1	0
        119107	2026-07-14 19:06:10	1	1	1	0
        117999	2026-07-14 19:12:06	1	1	1	0
        117023	2026-07-14 19:12:14	1	1	1	0
        118584	2026-07-14 19:12:37	1	1	1	0
        110567	2026-07-14 19:47:21	1	1	1	0
        119602	2026-07-14 20:37:03	1	1	1	0
        118414	2026-07-15 06:26:39	1	0	1	0
        117269	2026-07-15 06:33:01	1	0	1	0
        116551	2026-07-15 06:48:59	1	0	1	0
        116953	2026-07-15 06:50:38	1	0	1	0
        110477	2026-07-15 06:53:58	1	0	1	0
        116493	2026-07-15 07:03:44	1	0	1	0
        119602	2026-07-15 07:04:19	1	0	1	0
        119365	2026-07-15 07:06:05	1	0	1	0
        116835	2026-07-15 07:06:11	1	0	1	0
        118001	2026-07-15 07:09:35	1	0	1	0
        117133	2026-07-15 07:09:49	1	0	1	0
        110051	2026-07-15 07:14:10	1	0	1	0
        118829	2026-07-15 07:16:01	1	0	1	0
        119340	2026-07-15 07:18:36	1	0	1	0
        119475	2026-07-15 07:20:32	1	0	1	0
        110198	2026-07-15 07:25:46	1	0	1	0
        118760	2026-07-15 07:26:40	1	0	1	0
        118043	2026-07-15 07:27:58	1	0	1	0
        116492	2026-07-15 07:29:01	1	0	1	0
        110193	2026-07-15 07:30:51	1	0	1	0
        110506	2026-07-15 07:31:27	1	0	1	0
        116537	2026-07-15 07:33:04	1	0	1	0
        117341	2026-07-15 07:33:15	1	0	1	0
        118503	2026-07-15 07:39:11	1	0	1	0
        110423	2026-07-15 07:40:04	1	0	1	0
        119104	2026-07-15 07:41:22	1	0	1	0
        110053	2026-07-15 07:43:41	1	0	1	0
        117242	2026-07-15 07:46:22	1	0	1	0
        110183	2026-07-15 07:49:44	1	0	1	0
        110018	2026-07-15 07:52:26	1	0	1	0
        116790	2026-07-15 07:52:34	1	0	1	0
        110083	2026-07-15 07:52:59	1	0	1	0
        110372	2026-07-15 07:53:16	1	0	1	0
        110430	2026-07-15 07:53:30	1	0	1	0
        110420	2026-07-15 07:55:04	1	0	1	0
        118509	2026-07-15 08:07:18	1	0	1	0
        110062	2026-07-15 08:10:12	1	0	1	0
        110514	2026-07-15 08:11:08	1	0	1	0
        110821	2026-07-15 08:12:16	1	0	1	0
        117023	2026-07-15 08:15:27	1	0	1	0
        117999	2026-07-15 08:17:06	1	0	1	0
        118584	2026-07-15 08:17:14	1	0	1	0
        110413	2026-07-15 08:17:43	1	0	1	0
        110485	2026-07-15 08:20:29	1	0	1	0
        117707	2026-07-15 08:20:33	1	0	1	0
        117077	2026-07-15 08:21:17	1	0	16	0
        116337	2026-07-15 08:24:05	1	0	1	0
        118407	2026-07-15 08:25:51	1	0	1	0
        110032	2026-07-15 08:28:50	1	0	1	0
        118862	2026-07-15 08:31:10	1	0	1	0
        117700	2026-07-15 08:32:25	1	0	1	0
        116383	2026-07-15 08:37:08	1	0	1	0
        117687	2026-07-15 08:44:17	1	0	1	0
        118221	2026-07-15 08:58:24	1	0	1	0
        117642	2026-07-15 11:30:05	1	0	1	0
        117707	2026-07-15 12:00:59	1	1	1	0
        118829	2026-07-15 12:01:03	1	1	1	0
        118584	2026-07-15 12:01:10	1	1	1	0
        110477	2026-07-15 12:01:59	1	1	1	0
        117687	2026-07-15 12:02:20	1	1	1	0
        118221	2026-07-15 12:02:37	1	1	1	0
        118043	2026-07-15 12:03:00	1	1	1	0
        117133	2026-07-15 12:03:08	1	1	1	0
        116953	2026-07-15 12:03:13	1	1	1	0
        117707	2026-07-15 12:03:23	1	0	1	0
        116790	2026-07-15 12:03:28	1	0	1	0
        110423	2026-07-15 12:03:34	1	1	1	0
        117077	2026-07-15 12:03:47	1	1	16	0
        118829	2026-07-15 12:04:08	1	0	1	0
        118584	2026-07-15 12:04:10	1	0	1	0
        116551	2026-07-15 12:04:24	1	1	1	0
        110032	2026-07-15 12:04:28	1	1	1	0
        116492	2026-07-15 12:04:59	1	1	1	0
        118001	2026-07-15 12:05:09	1	1	1	0
        117687	2026-07-15 12:06:06	1	0	1	0
        116790	2026-07-15 12:06:19	1	0	1	0
        110477	2026-07-15 12:06:25	1	0	1	0
        118509	2026-07-15 12:07:09	1	1	1	0
        118503	2026-07-15 12:07:25	1	1	1	0
        116492	2026-07-15 12:08:46	1	0	1	0
        118221	2026-07-15 12:08:53	1	0	1	0
        118001	2026-07-15 12:08:57	1	0	1	0
        110423	2026-07-15 12:09:04	1	0	1	0
        116551	2026-07-15 12:09:48	1	0	1	0
        118503	2026-07-15 12:10:01	1	0	16	0
        117999	2026-07-15 12:11:17	1	0	1	0
        117999	2026-07-15 12:11:29	1	1	1	0
        117642	2026-07-15 12:11:41	1	1	1	0
        110051	2026-07-15 12:12:51	1	1	1	0
        118414	2026-07-15 12:12:59	1	1	1	0
        118760	2026-07-15 12:13:07	1	1	1	0
        116537	2026-07-15 12:13:18	1	1	1	0
        117133	2026-07-15 12:13:24	1	1	1	0
        118407	2026-07-15 12:13:27	1	1	1	0
        117242	2026-07-15 12:13:33	1	1	1	0
        118509	2026-07-15 12:13:46	1	1	1	0
        117341	2026-07-15 12:13:53	1	1	1	0
        116337	2026-07-15 12:14:04	1	1	1	0
        110032	2026-07-15 12:14:14	1	0	1	0
        118043	2026-07-15 12:14:19	1	0	1	0
        116953	2026-07-15 12:14:26	1	0	1	0
        110018	2026-07-15 12:14:58	1	1	1	0
        117700	2026-07-15 12:15:33	1	1	1	0
        118414	2026-07-15 12:15:41	1	0	1	0
        117077	2026-07-15 12:16:24	1	0	16	0
        119340	2026-07-15 12:16:51	1	1	1	0
        110018	2026-07-15 12:17:05	1	0	1	0
        118760	2026-07-15 12:17:12	1	0	1	0
        118862	2026-07-15 12:17:53	1	1	1	0
        116337	2026-07-15 12:17:57	1	1	1	0
        110198	2026-07-15 12:18:12	1	1	1	0
        119340	2026-07-15 12:19:55	1	0	1	0
        119104	2026-07-15 12:20:40	1	1	1	0
        110183	2026-07-15 12:20:43	1	1	1	0
        110420	2026-07-15 12:20:53	1	1	1	0
        119365	2026-07-15 12:21:05	1	1	1	0
        116493	2026-07-15 12:21:10	1	1	1	0
        110083	2026-07-15 12:21:55	1	1	1	0
        110485	2026-07-15 12:23:26	1	1	1	0
        117341	2026-07-15 12:23:32	1	1	1	0
        110514	2026-07-15 12:23:49	1	1	1	0
        110430	2026-07-15 12:23:55	1	1	1	0
        110821	2026-07-15 12:24:01	1	1	1	0
        117242	2026-07-15 12:24:10	1	0	1	0
        117700	2026-07-15 12:24:20	1	0	1	0
        119104	2026-07-15 12:24:32	1	0	1	0
        110183	2026-07-15 12:24:38	1	0	1	0
        110420	2026-07-15 12:24:44	1	0	1	0
        110198	2026-07-15 12:25:02	1	0	1	0
        116493	2026-07-15 12:26:07	1	0	1	0
        119365	2026-07-15 12:26:17	1	0	1	0
        110083	2026-07-15 12:26:54	1	0	1	0
        117269	2026-07-15 12:27:31	1	1	1	0
        110413	2026-07-15 12:27:59	1	1	1	0
        117642	2026-07-15 12:28:49	1	0	1	0
        110485	2026-07-15 12:29:17	1	0	1	0
        118407	2026-07-15 12:29:59	1	0	1	0
        117999	2026-07-15 12:31:43	1	0	1	0
        110821	2026-07-15 12:31:47	1	0	1	0
        110514	2026-07-15 12:31:52	1	0	1	0
        110430	2026-07-15 12:31:55	1	0	1	0
        117269	2026-07-15 12:32:29	1	0	1	0
        110413	2026-07-15 12:32:34	1	0	1	0
        110062	2026-07-15 12:35:53	1	1	1	0
        119475	2026-07-15 12:36:54	1	1	1	0
        110051	2026-07-15 12:38:20	1	0	1	0
        118862	2026-07-15 12:38:53	1	0	1	0
        119475	2026-07-15 12:46:21	1	0	1	0
        117023	2026-07-15 12:49:42	1	1	1	0
        116537	2026-07-15 12:49:52	1	0	1	0
        110062	2026-07-15 12:52:40	1	0	1	0
        117023	2026-07-15 12:58:30	1	0	1	0
        110193	2026-07-15 13:27:42	1	0	1	0
        117269	2026-07-15 16:08:37	1	1	1	0
        116493	2026-07-15 16:14:46	1	1	1	0
        116551	2026-07-15 16:15:14	1	1	1	0
        117133	2026-07-15 16:15:24	1	1	1	0
        118829	2026-07-15 16:17:50	1	1	1	0
        119340	2026-07-15 16:20:46	1	1	1	0
        118503	2026-07-15 16:41:18	1	1	16	0
        116953	2026-07-15 16:43:41	1	1	1	0
        118760	2026-07-15 16:44:54	1	1	1	0
        116537	2026-07-15 16:48:05	1	1	1	0
        117341	2026-07-15 16:49:07	1	1	1	0
        110051	2026-07-15 16:49:25	1	1	1	0
        118043	2026-07-15 17:07:07	1	1	1	0
        110053	2026-07-15 17:09:29	1	1	1	0
        118509	2026-07-15 17:13:25	1	1	1	0
        110193	2026-07-15 17:14:20	1	1	1	0
        110506	2026-07-15 17:16:22	1	1	1	0
        110083	2026-07-15 17:20:47	1	1	1	0
        117242	2026-07-15 17:25:38	1	1	1	0
        117999	2026-07-15 17:25:42	1	1	1	0
        110183	2026-07-15 17:27:45	1	1	1	0
        117707	2026-07-15 17:30:57	1	1	1	0
        116337	2026-07-15 17:31:03	1	1	1	0
        110485	2026-07-15 17:37:02	1	1	1	0
        110062	2026-07-15 17:41:35	1	1	1	0
        119365	2026-07-15 17:42:09	1	1	1	0
        118407	2026-07-15 17:43:13	1	1	1	0
        110477	2026-07-15 17:43:39	1	1	1	0
        117700	2026-07-15 17:59:25	1	1	1	0
        110372	2026-07-15 18:03:03	1	1	1	0
        118414	2026-07-15 18:03:48	1	1	1	0
        116790	2026-07-15 18:08:46	1	1	1	0
        110430	2026-07-15 18:08:52	1	1	1	0
        110514	2026-07-15 18:08:54	1	1	1	0
        110821	2026-07-15 18:08:56	1	1	1	0
        117077	2026-07-15 18:09:05	1	1	16	0
        117077	2026-07-15 18:09:07	1	1	16	0
        118221	2026-07-15 18:09:16	1	1	1	0
        110032	2026-07-15 18:09:31	1	1	1	0
        119475	2026-07-15 18:20:07	1	1	1	0
        117642	2026-07-15 18:38:23	1	1	16	0
        117642	2026-07-15 18:38:25	1	1	1	0
        118001	2026-07-15 18:44:41	1	1	1	0
        116492	2026-07-15 18:44:47	1	1	1	0
        110423	2026-07-15 18:46:21	1	1	1	0
        118862	2026-07-15 18:53:44	1	1	1	0
        117023	2026-07-15 19:06:45	1	1	1	0
        119602	2026-07-15 19:07:28	1	1	1	0
        110018	2026-07-15 19:10:06	1	1	1	0
        118584	2026-07-15 19:30:14	1	1	1	0
        110413	2026-07-15 19:30:44	1	1	1	0
        117687	2026-07-15 19:30:51	1	1	1	0
        110420	2026-07-15 20:37:41	1	1	1	0
        118414	2026-07-16 06:21:53	1	0	1	0
        117269	2026-07-16 06:39:43	1	0	1	0
        110477	2026-07-16 06:44:31	1	0	1	0
        118301	2026-07-16 06:58:38	1	0	1	0
        116551	2026-07-16 06:59:44	1	0	1	0
        119365	2026-07-16 07:01:34	1	0	1	0
        119340	2026-07-16 07:08:39	1	0	1	0
        110051	2026-07-16 07:14:49	1	0	1	0
        118760	2026-07-16 07:16:12	1	0	1	0
        119475	2026-07-16 07:17:49	1	0	1	0
        119602	2026-07-16 07:19:35	1	0	1	0
        110373	2026-07-16 07:20:41	1	0	1	0
        110420	2026-07-16 07:21:50	1	0	1	0
        118503	2026-07-16 07:23:33	1	0	1	0
        110816	2026-07-16 07:30:52	1	0	1	0
        116790	2026-07-16 07:34:56	1	0	1	0
        110423	2026-07-16 07:36:24	1	0	1	0
        110083	2026-07-16 07:38:18	1	0	1	0
        110083	2026-07-16 07:38:20	1	0	1	0
        116493	2026-07-16 07:39:53	1	0	1	0
        110032	2026-07-16 07:40:00	1	0	1	0
