        110512	2026-06-01 06:22:49	1	0	1	0
        118414	2026-06-01 06:26:34	1	0	1	0
        119365	2026-06-01 06:40:44	1	0	1	0
        116551	2026-06-01 06:44:59	1	0	1	0
        119340	2026-06-01 06:46:08	1	0	1	0
        116835	2026-06-01 06:46:47	1	0	1	0
        110032	2026-06-01 06:47:18	1	0	16	0
        110032	2026-06-01 06:47:20	1	0	16	0
        117999	2026-06-01 06:48:13	1	0	1	0
        116953	2026-06-01 06:51:49	1	0	1	0
        110821	2026-06-01 06:56:35	1	0	1	0
        118001	2026-06-01 06:58:53	1	0	1	0
        118760	2026-06-01 07:00:07	1	0	1	0
        110430	2026-06-01 07:00:53	1	0	1	0
        116492	2026-06-01 07:02:39	1	0	1	0
        118301	2026-06-01 07:03:59	1	0	1	0
        110819	2026-06-01 07:05:16	1	0	1	0
        110051	2026-06-01 07:06:08	1	0	1	0
        117269	2026-06-01 07:07:35	1	0	1	0
        118221	2026-06-01 07:07:54	1	0	1	0
        117341	2026-06-01 07:08:22	1	0	1	0
        116537	2026-06-01 07:09:50	1	0	1	0
        110477	2026-06-01 07:12:46	1	0	1	0
        110514	2026-06-01 07:13:33	1	0	1	0
        117716	2026-06-01 07:17:18	1	0	1	0
        119104	2026-06-01 07:17:33	1	0	1	0
        118043	2026-06-01 07:18:50	1	0	1	0
        117133	2026-06-01 07:19:02	1	0	16	0
        110485	2026-06-01 07:19:40	1	0	16	0
        110485	2026-06-01 07:19:42	1	0	16	0
        118829	2026-06-01 07:20:07	1	0	1	0
        110083	2026-06-01 07:22:27	1	0	1	0
        118503	2026-06-01 07:23:28	1	0	1	0
        110393	2026-06-01 07:23:34	1	0	1	0
        117977	2026-06-01 07:26:56	1	0	1	0
        110820	2026-06-01 07:27:27	1	0	1	0
        118509	2026-06-01 07:27:34	1	0	1	0
        110053	2026-06-01 07:28:07	1	0	1	0
        110828	2026-06-01 07:35:08	1	0	1	0
        117707	2026-06-01 07:35:33	1	0	1	0
        110018	2026-06-01 07:35:48	1	0	1	0
        117700	2026-06-01 07:37:30	1	0	1	0
        110567	2026-06-01 07:41:49	1	0	1	0
        117725	2026-06-01 07:43:50	1	0	1	0
        116790	2026-06-01 07:44:57	1	0	1	0
        117242	2026-06-01 07:46:42	1	0	1	0
        116493	2026-06-01 07:46:49	1	0	1	0
        110818	2026-06-01 07:47:10	1	0	1	0
        119602	2026-06-01 07:48:44	1	0	1	0
        118862	2026-06-01 07:51:00	1	0	1	0
        110373	2026-06-01 07:53:43	1	0	1	0
        110200	2026-06-01 07:54:17	1	0	1	0
        110062	2026-06-01 07:54:29	1	0	1	0
        118407	2026-06-01 08:02:18	1	0	1	0
        110193	2026-06-01 08:06:51	1	0	1	0
        110506	2026-06-01 08:07:14	1	0	1	0
        117023	2026-06-01 08:08:35	1	0	1	0
        118584	2026-06-01 08:09:33	1	0	1	0
        110198	2026-06-01 08:13:48	1	0	1	0
        117077	2026-06-01 09:16:37	1	0	16	0
        117707	2026-06-01 12:01:18	1	0	1	0
        117707	2026-06-01 12:01:23	1	1	1	0
        117725	2026-06-01 12:01:32	1	1	1	0
        116953	2026-06-01 12:02:33	1	1	1	0
        116790	2026-06-01 12:03:27	1	1	1	0
        110477	2026-06-01 12:03:41	1	1	1	0
        118584	2026-06-01 12:04:03	1	1	1	0
        119365	2026-06-01 12:04:16	1	1	1	0
        116537	2026-06-01 12:04:26	1	1	1	0
        117341	2026-06-01 12:04:36	1	1	1	0
        110053	2026-06-01 12:04:52	1	1	1	0
        118829	2026-06-01 12:05:09	1	1	1	0
        118862	2026-06-01 12:05:15	1	1	1	0
        118221	2026-06-01 12:05:18	1	1	1	0
        119340	2026-06-01 12:05:21	1	1	1	0
        110818	2026-06-01 12:05:24	1	1	1	0
        110820	2026-06-01 12:05:28	1	1	1	0
        117133	2026-06-01 12:05:33	1	1	16	0
        118301	2026-06-01 12:06:04	1	1	1	0
        118043	2026-06-01 12:06:22	1	1	1	0
        118407	2026-06-01 12:06:32	1	1	1	0
        119602	2026-06-01 12:06:38	1	1	1	0
        110198	2026-06-01 12:07:22	1	1	1	0
        110506	2026-06-01 12:07:29	1	1	1	0
        117077	2026-06-01 12:07:42	1	1	16	0
        118760	2026-06-01 12:07:52	1	1	1	0
        110819	2026-06-01 12:08:25	1	1	1	0
        118503	2026-06-01 12:08:57	1	1	1	0
        110083	2026-06-01 12:09:33	1	1	1	0
        119365	2026-06-01 12:09:41	1	0	1	0
        119340	2026-06-01 12:10:01	1	0	1	0
        118829	2026-06-01 12:10:07	1	0	1	0
        110200	2026-06-01 12:10:29	1	1	1	0
        110200	2026-06-01 12:10:31	1	1	1	0
        110373	2026-06-01 12:10:35	1	1	1	0
        117341	2026-06-01 12:10:43	1	1	1	0
        116953	2026-06-01 12:10:56	1	0	1	0
        117716	2026-06-01 12:11:07	1	1	1	0
        117700	2026-06-01 12:11:27	1	1	1	0
        116537	2026-06-01 12:12:22	1	0	1	0
        118760	2026-06-01 12:12:25	1	0	1	0
        117133	2026-06-01 12:12:42	1	0	16	0
        118584	2026-06-01 12:12:51	1	0	1	0
        117133	2026-06-01 12:12:59	1	0	16	0
        118043	2026-06-01 12:13:21	1	0	1	0
        118221	2026-06-01 12:13:34	1	0	1	0
        110200	2026-06-01 12:14:04	1	0	1	0
        110200	2026-06-01 12:14:16	1	0	1	0
        110506	2026-06-01 12:14:27	1	0	1	0
        117242	2026-06-01 12:14:34	1	0	1	0
        116790	2026-06-01 12:14:44	1	0	1	0
        110198	2026-06-01 12:14:48	1	0	1	0
        110477	2026-06-01 12:14:52	1	0	1	0
        110053	2026-06-01 12:15:30	1	0	1	0
        118414	2026-06-01 12:16:11	1	0	1	0
        118414	2026-06-01 12:16:27	1	1	1	0
        110032	2026-06-01 12:16:36	1	1	16	0
        118001	2026-06-01 12:16:40	1	1	1	0
        110514	2026-06-01 12:16:44	1	1	1	0
        110372	2026-06-01 12:16:47	1	1	1	0
        110512	2026-06-01 12:16:52	1	1	1	0
        110051	2026-06-01 12:16:58	1	1	1	0
        119104	2026-06-01 12:17:08	1	1	1	0
        117716	2026-06-01 12:18:05	1	0	1	0
        116493	2026-06-01 12:18:15	1	1	1	0
        116551	2026-06-01 12:18:20	1	1	1	0
        117999	2026-06-01 12:18:30	1	1	1	0
        117700	2026-06-01 12:18:38	1	0	1	0
        119602	2026-06-01 12:18:48	1	0	1	0
        118407	2026-06-01 12:18:54	1	0	1	0
        117077	2026-06-01 12:20:06	1	0	16	0
        117077	2026-06-01 12:20:08	1	0	16	0
        117242	2026-06-01 12:20:13	1	0	1	0
        119104	2026-06-01 12:20:58	1	0	1	0
        117269	2026-06-01 12:21:07	1	1	1	0
        118414	2026-06-01 12:21:24	1	0	1	0
        110051	2026-06-01 12:21:31	1	0	1	0
        118862	2026-06-01 12:22:03	1	0	1	0
        110512	2026-06-01 12:22:15	1	0	1	0
        110372	2026-06-01 12:22:19	1	0	1	0
        110514	2026-06-01 12:22:22	1	0	1	0
        110820	2026-06-01 12:22:50	1	0	1	0
        110818	2026-06-01 12:22:54	1	0	1	0
        110083	2026-06-01 12:23:02	1	0	1	0
        110393	2026-06-01 12:23:25	1	1	1	0
        110032	2026-06-01 12:23:38	1	0	16	0
        110032	2026-06-01 12:23:40	1	0	16	0
        117269	2026-06-01 12:24:03	1	0	1	0
        110430	2026-06-01 12:24:20	1	0	1	0
        110821	2026-06-01 12:24:39	1	1	1	0
        110430	2026-06-01 12:24:43	1	1	1	0
        110828	2026-06-01 12:24:50	1	1	1	0
        116493	2026-06-01 12:24:58	1	0	1	0
        110485	2026-06-01 12:25:09	1	1	1	0
        110819	2026-06-01 12:26:09	1	0	1	0
        118001	2026-06-01 12:26:59	1	0	1	0
        116551	2026-06-01 12:27:03	1	0	1	0
        110430	2026-06-01 12:27:13	1	0	1	0
        110821	2026-06-01 12:27:26	1	0	1	0
        110828	2026-06-01 12:27:31	1	0	1	0
        110485	2026-06-01 12:28:12	1	0	1	0
        116492	2026-06-01 12:31:44	1	1	1	0
        118509	2026-06-01 12:31:58	1	1	1	0
        118301	2026-06-01 12:32:52	1	0	1	0
        116492	2026-06-01 12:34:03	1	0	1	0
        118509	2026-06-01 12:34:14	1	0	1	0
        116835	2026-06-01 12:37:04	1	1	1	0
        116835	2026-06-01 12:40:27	1	0	1	0
        110567	2026-06-01 12:40:57	1	1	1	0
        117023	2026-06-01 12:41:02	1	1	1	0
        110062	2026-06-01 12:41:38	1	1	1	0
        110373	2026-06-01 12:42:14	1	0	1	0
        110062	2026-06-01 12:43:13	1	0	1	0
        117999	2026-06-01 12:44:44	1	0	1	0
        117707	2026-06-01 12:47:15	1	0	1	0
        117725	2026-06-01 12:47:23	1	0	1	0
        110018	2026-06-01 12:48:31	1	1	1	0
        110393	2026-06-01 12:48:49	1	0	1	0
        110018	2026-06-01 12:51:54	1	0	1	0
        117023	2026-06-01 12:55:07	1	0	1	0
        110567	2026-06-01 12:55:13	1	0	1	0
        118503	2026-06-01 12:58:57	1	0	16	0
        110193	2026-06-01 13:03:01	1	0	1	0
        110193	2026-06-01 13:05:00	1	0	1	0
        110183	2026-06-01 13:08:18	1	0	1	0
        118760	2026-06-01 16:58:46	1	1	1	0
        110819	2026-06-01 17:05:26	1	1	1	0
        110567	2026-06-01 17:08:44	1	1	1	0
        110820	2026-06-01 17:10:11	1	1	1	0
        110818	2026-06-01 17:10:16	1	1	1	0
        110393	2026-06-01 17:10:35	1	1	1	0
        117725	2026-06-01 17:42:51	1	1	1	0
        119107	2026-06-01 17:49:46	1	1	1	0
        110373	2026-06-01 17:53:09	1	1	1	0
        110051	2026-06-01 18:03:20	1	1	1	0
        118414	2026-06-01 18:07:31	1	1	1	0
        117269	2026-06-01 18:07:52	1	1	1	0
        116551	2026-06-01 18:09:39	1	1	1	0
        118301	2026-06-01 18:13:43	1	1	1	0
        110477	2026-06-01 18:23:20	1	1	1	0
        119340	2026-06-01 18:23:25	1	1	1	0
        117716	2026-06-01 18:23:30	1	1	1	0
        118829	2026-06-01 18:23:36	1	1	1	0
        110514	2026-06-01 18:24:45	1	1	1	0
        110372	2026-06-01 18:24:50	1	1	1	0
        110512	2026-06-01 18:24:53	1	1	1	0
        110821	2026-06-01 18:24:58	1	1	1	0
        110183	2026-06-01 18:25:02	1	1	1	0
        116537	2026-06-01 18:26:37	1	1	1	0
        116492	2026-06-01 18:26:44	1	1	1	0
        118001	2026-06-01 18:28:30	1	1	1	0
        117341	2026-06-01 18:29:56	1	1	1	0
        118503	2026-06-01 18:32:04	1	1	16	0
        117133	2026-06-01 18:32:11	1	1	16	0
        118043	2026-06-01 18:32:19	1	1	1	0
        118509	2026-06-01 18:33:25	1	1	1	0
        118741	2026-06-01 18:35:16	1	1	1	0
        118741	2026-06-01 18:35:18	1	1	1	0
        117700	2026-06-01 18:40:58	1	1	1	0
        117242	2026-06-01 18:56:17	1	1	1	0
        117707	2026-06-01 18:58:13	1	1	1	0
        110485	2026-06-01 18:58:40	1	1	1	0
        116790	2026-06-01 19:00:11	1	1	1	0
        110200	2026-06-01 19:00:18	1	1	1	0
        110200	2026-06-01 19:00:19	1	1	1	0
        110053	2026-06-01 19:02:22	1	1	1	0
        110018	2026-06-01 19:03:55	1	1	1	0
        117023	2026-06-01 19:06:12	1	1	1	0
        117077	2026-06-01 19:07:08	1	1	16	0
        110083	2026-06-01 19:07:20	1	1	1	0
        116493	2026-06-01 19:07:38	1	1	1	0
        118221	2026-06-01 19:08:17	1	1	1	0
        110032	2026-06-01 19:08:24	1	1	16	0
        119386	2026-06-01 19:11:09	1	1	1	0
        110062	2026-06-01 19:11:21	1	1	1	0
        118584	2026-06-01 19:11:26	1	1	1	0
        118862	2026-06-01 19:16:36	1	1	1	0
        118407	2026-06-01 19:21:06	1	1	1	0
        110430	2026-06-01 19:21:57	1	1	1	0
        116835	2026-06-01 19:25:40	1	1	1	0
        119104	2026-06-01 19:25:45	1	1	1	0
        117999	2026-06-01 19:37:29	1	1	1	0
        119602	2026-06-01 19:54:05	1	1	1	0
        118414	2026-06-02 06:28:31	1	0	1	0
        110051	2026-06-02 06:33:31	1	0	1	0
        116835	2026-06-02 06:36:46	1	0	1	0
        116492	2026-06-02 06:38:47	1	0	1	0
        116953	2026-06-02 06:44:46	1	0	1	0
        119365	2026-06-02 06:45:17	1	0	1	0
        110430	2026-06-02 06:47:02	1	0	1	0
        119340	2026-06-02 06:56:33	1	0	1	0
        110821	2026-06-02 06:56:56	1	0	1	0
        118301	2026-06-02 06:57:04	1	0	1	0
        118760	2026-06-02 07:00:30	1	0	1	0
        118829	2026-06-02 07:03:10	1	0	1	0
        117269	2026-06-02 07:05:35	1	0	1	0
        117716	2026-06-02 07:06:45	1	0	1	0
        110477	2026-06-02 07:08:46	1	0	1	0
        110512	2026-06-02 07:15:38	1	0	1	0
        116537	2026-06-02 07:21:26	1	0	1	0
        117341	2026-06-02 07:21:29	1	0	1	0
        118503	2026-06-02 07:22:04	1	0	16	0
        110032	2026-06-02 07:22:53	1	0	16	0
        110032	2026-06-02 07:22:55	1	0	16	0
        117133	2026-06-02 07:28:00	1	0	16	0
        117133	2026-06-02 07:28:02	1	0	16	0
        118509	2026-06-02 07:29:24	1	0	1	0
        110514	2026-06-02 07:30:44	1	0	1	0
        119104	2026-06-02 07:31:15	1	0	1	0
        110053	2026-06-02 07:33:18	1	0	1	0
        118043	2026-06-02 07:33:45	1	0	1	0
        117687	2026-06-02 07:36:26	1	0	1	0
        116493	2026-06-02 07:36:48	1	0	1	0
        110372	2026-06-02 07:38:37	1	0	1	0
        117725	2026-06-02 07:40:13	1	0	1	0
        110062	2026-06-02 07:40:25	1	0	1	0
        110485	2026-06-02 07:40:33	1	0	1	0
        110820	2026-06-02 07:41:07	1	0	1	0
        117700	2026-06-02 07:42:11	1	0	1	0
        110818	2026-06-02 07:44:37	1	0	1	0
        117707	2026-06-02 07:47:38	1	0	1	0
        117242	2026-06-02 07:47:51	1	0	1	0
        110567	2026-06-02 07:47:59	1	0	1	0
        110083	2026-06-02 07:50:34	1	0	1	0
        110193	2026-06-02 07:54:00	1	0	1	0
        110506	2026-06-02 07:54:41	1	0	1	0
        110198	2026-06-02 07:54:45	1	0	1	0
        118741	2026-06-02 07:56:34	1	0	1	0
        110201	2026-06-02 07:57:14	1	0	1	0
        118584	2026-06-02 07:58:04	1	0	1	0
        117023	2026-06-02 07:58:12	1	0	1	0
        117971	2026-06-02 08:00:59	1	0	1	0
        110200	2026-06-02 08:04:45	1	0	1	0
        110200	2026-06-02 08:04:47	1	0	1	0
        110200	2026-06-02 08:04:48	1	0	1	0
        117077	2026-06-02 08:05:57	1	0	16	0
        117077	2026-06-02 08:05:59	1	0	16	0
        110370	2026-06-02 08:17:17	1	0	1	0
        110373	2026-06-02 08:25:14	1	0	1	0
        118407	2026-06-02 08:40:49	1	0	1	0
        110374	2026-06-02 08:42:31	1	0	1	0
        110183	2026-06-02 10:34:57	1	0	1	0
        118509	2026-06-02 12:00:14	1	0	1	0
        118584	2026-06-02 12:00:23	1	1	1	0
        118509	2026-06-02 12:00:28	1	1	1	0
        118760	2026-06-02 12:00:36	1	1	1	0
        116537	2026-06-02 12:01:07	1	1	1	0
        116953	2026-06-02 12:01:13	1	1	1	0
        117341	2026-06-02 12:01:18	1	1	1	0
        117716	2026-06-02 12:01:28	1	1	1	0
        110062	2026-06-02 12:01:31	1	1	1	0
        110051	2026-06-02 12:01:40	1	1	1	0
        110032	2026-06-02 12:01:45	1	1	16	0
        110032	2026-06-02 12:01:48	1	1	16	0
        117077	2026-06-02 12:02:28	1	1	16	0
        117077	2026-06-02 12:02:30	1	1	16	0
        119386	2026-06-02 12:02:32	1	1	1	0
        110477	2026-06-02 12:02:35	1	1	1	0
        118414	2026-06-02 12:02:40	1	1	1	0
        110198	2026-06-02 12:02:46	1	1	1	0
        110506	2026-06-02 12:02:50	1	1	1	0
        118043	2026-06-02 12:02:57	1	1	1	0
        117700	2026-06-02 12:03:10	1	1	1	0
        110200	2026-06-02 12:03:13	1	1	1	0
        118584	2026-06-02 12:03:22	1	0	1	0
        118509	2026-06-02 12:03:27	1	0	1	0
        117707	2026-06-02 12:03:39	1	1	1	0
        117725	2026-06-02 12:04:02	1	1	1	0
        118221	2026-06-02 12:04:08	1	1	1	0
        110062	2026-06-02 12:04:18	1	0	1	0
        119386	2026-06-02 12:04:22	1	0	1	0
        116953	2026-06-02 12:04:28	1	0	1	0
        118760	2026-06-02 12:04:53	1	0	1	0
        118414	2026-06-02 12:05:49	1	0	1	0
        117341	2026-06-02 12:06:06	1	0	1	0
        117700	2026-06-02 12:07:16	1	0	1	0
        117242	2026-06-02 12:07:22	1	0	1	0
        116493	2026-06-02 12:07:30	1	1	1	0
        118301	2026-06-02 12:07:37	1	1	1	0
        117716	2026-06-02 12:07:58	1	0	1	0
        118829	2026-06-02 12:08:20	1	1	1	0
        119104	2026-06-02 12:08:35	1	1	1	0
        117133	2026-06-02 12:08:41	1	1	16	0
        117133	2026-06-02 12:08:44	1	1	16	0
        110477	2026-06-02 12:10:51	1	0	1	0
        117077	2026-06-02 12:10:59	1	0	16	0
        110506	2026-06-02 12:11:14	1	0	1	0
        110198	2026-06-02 12:11:19	1	0	1	0
        118043	2026-06-02 12:12:04	1	0	1	0
        110083	2026-06-02 12:12:37	1	1	1	0
        119104	2026-06-02 12:12:46	1	0	1	0
        116493	2026-06-02 12:12:53	1	0	1	0
        117707	2026-06-02 12:13:02	1	0	1	0
        117133	2026-06-02 12:13:11	1	0	16	0
        117133	2026-06-02 12:13:13	1	0	16	0
        118221	2026-06-02 12:14:04	1	0	16	0
        117023	2026-06-02 12:14:22	1	1	1	0
        119365	2026-06-02 12:15:17	1	1	1	0
        116537	2026-06-02 12:17:56	1	0	1	0
        110372	2026-06-02 12:18:06	1	1	1	0
        116835	2026-06-02 12:18:13	1	1	1	0
        119340	2026-06-02 12:18:47	1	1	1	0
        110083	2026-06-02 12:19:51	1	0	1	0
        110370	2026-06-02 12:21:02	1	1	1	0
        110818	2026-06-02 12:21:06	1	1	1	0
        110201	2026-06-02 12:21:11	1	1	1	0
        110820	2026-06-02 12:21:17	1	1	1	0
        110567	2026-06-02 12:21:24	1	1	1	0
        110373	2026-06-02 12:21:28	1	1	1	0
        110374	2026-06-02 12:21:32	1	1	1	0
        117971	2026-06-02 12:21:36	1	1	1	0
        110053	2026-06-02 12:23:12	1	1	1	0
        118503	2026-06-02 12:23:16	1	1	1	0
        119340	2026-06-02 12:24:12	1	0	1	0
        110032	2026-06-02 12:24:57	1	0	16	0
        110032	2026-06-02 12:24:59	1	0	16	0
        110374	2026-06-02 12:25:12	1	0	1	0
        110370	2026-06-02 12:25:18	1	0	1	0
        110373	2026-06-02 12:25:22	1	0	1	0
        117687	2026-06-02 12:25:43	1	1	1	0
        116835	2026-06-02 12:26:03	1	0	1	0
        110372	2026-06-02 12:26:08	1	0	1	0
        118407	2026-06-02 12:26:37	1	0	1	0
        110183	2026-06-02 12:28:32	1	1	1	0
        110514	2026-06-02 12:28:36	1	1	1	0
        110512	2026-06-02 12:28:39	1	1	1	0
        110821	2026-06-02 12:28:43	1	1	1	0
        117725	2026-06-02 12:28:51	1	0	1	0
        110201	2026-06-02 12:28:59	1	0	1	0
        110053	2026-06-02 12:29:39	1	0	1	0
        118301	2026-06-02 12:30:42	1	0	1	0
        118503	2026-06-02 12:32:48	1	0	16	0
        118503	2026-06-02 12:32:50	1	0	16	0
        110430	2026-06-02 12:33:12	1	1	1	0
        110512	2026-06-02 12:34:06	1	0	1	0
        110514	2026-06-02 12:34:13	1	0	1	0
        117687	2026-06-02 12:34:23	1	0	1	0
        110821	2026-06-02 12:34:38	1	0	1	0
        110183	2026-06-02 12:34:44	1	0	1	0
        110430	2026-06-02 12:37:13	1	0	1	0
        110485	2026-06-02 12:38:00	1	1	1	0
        119602	2026-06-02 12:38:07	1	1	1	0
        117242	2026-06-02 12:39:31	1	1	1	0
        117971	2026-06-02 12:41:36	1	1	1	0
        118407	2026-06-02 12:41:40	1	1	1	0
        116492	2026-06-02 12:43:06	1	1	1	0
        110200	2026-06-02 12:44:25	1	0	1	0
        117269	2026-06-02 12:46:05	1	1	1	0
        116492	2026-06-02 12:46:23	1	0	1	0
        110193	2026-06-02 12:47:08	1	0	1	0
        110567	2026-06-02 12:47:45	1	0	1	0
        117023	2026-06-02 12:48:03	1	0	1	0
        110193	2026-06-02 12:48:43	1	0	1	0
        110820	2026-06-02 12:49:23	1	0	1	0
        110818	2026-06-02 12:49:27	1	0	1	0
        110485	2026-06-02 12:52:08	1	0	1	0
        117269	2026-06-02 12:56:11	1	1	1	0
        119365	2026-06-02 12:56:55	1	0	1	0
        119602	2026-06-02 12:57:45	1	0	1	0
        110051	2026-06-02 13:10:24	1	0	1	0
        110051	2026-06-02 16:42:31	1	0	1	0
        110820	2026-06-02 17:14:29	1	1	1	0
        110201	2026-06-02 17:15:33	1	1	1	0
        110567	2026-06-02 17:16:27	1	1	1	0
        117725	2026-06-02 17:36:13	1	1	1	0
        110373	2026-06-02 17:36:40	1	1	1	0
        118301	2026-06-02 18:02:20	1	1	1	0
        119340	2026-06-02 18:02:27	1	1	1	0
        119365	2026-06-02 18:05:13	1	1	1	0
        116953	2026-06-02 18:05:24	1	1	1	0
        110430	2026-06-02 18:08:44	1	1	1	0
        110821	2026-06-02 18:08:51	1	1	1	0
        117269	2026-06-02 18:09:30	1	1	1	0
        117716	2026-06-02 18:11:34	1	1	1	0
        116492	2026-06-02 18:11:39	1	1	1	0
        110477	2026-06-02 18:12:00	1	1	1	0
        118760	2026-06-02 18:12:26	1	1	1	0
        110374	2026-06-02 18:16:33	1	1	1	0
        110512	2026-06-02 18:16:42	1	1	1	0
        118414	2026-06-02 18:18:46	1	1	1	0
        110818	2026-06-02 18:18:57	1	1	1	0
        118503	2026-06-02 18:24:06	1	1	16	0
        116537	2026-06-02 18:27:14	1	1	1	0
        117341	2026-06-02 18:27:22	1	1	1	0
        110514	2026-06-02 18:27:46	1	1	1	0
        117133	2026-06-02 18:29:17	1	1	16	0
        118509	2026-06-02 18:35:37	1	1	1	0
        118043	2026-06-02 18:35:44	1	1	1	0
        110485	2026-06-02 18:43:24	1	1	1	0
        110370	2026-06-02 18:44:34	1	1	1	0
        110032	2026-06-02 18:51:47	1	1	16	0
        117700	2026-06-02 18:52:27	1	1	1	0
        110083	2026-06-02 18:56:41	1	1	1	0
        117707	2026-06-02 18:57:31	1	1	1	0
        116493	2026-06-02 18:59:36	1	1	1	0
        117971	2026-06-02 19:00:41	1	1	1	0
        117077	2026-06-02 19:01:39	1	1	16	0
        117077	2026-06-02 19:01:41	1	1	16	0
        110200	2026-06-02 19:03:16	1	1	1	0
        118221	2026-06-02 19:07:50	1	1	1	0
        119386	2026-06-02 19:10:11	1	1	16	0
        110062	2026-06-02 19:10:59	1	1	1	0
        118584	2026-06-02 19:11:49	1	1	1	0
        117023	2026-06-02 19:11:52	1	1	1	0
        110018	2026-06-02 19:16:42	1	1	1	0
        117242	2026-06-02 19:18:39	1	1	1	0
        110372	2026-06-02 19:18:42	1	1	1	0
        110183	2026-06-02 19:20:01	1	1	1	0
        118407	2026-06-02 19:25:48	1	1	1	0
        116835	2026-06-02 19:43:01	1	1	1	0
        119104	2026-06-02 19:43:06	1	1	1	0
        119602	2026-06-02 19:51:27	1	1	1	0
        117687	2026-06-02 19:51:32	1	1	1	0
        110053	2026-06-02 21:17:57	1	1	1	0
        118414	2026-06-03 06:26:17	1	0	1	0
        116492	2026-06-03 06:34:34	1	0	1	0
        116835	2026-06-03 06:36:14	1	0	1	0
        110051	2026-06-03 06:45:16	1	0	1	0
        119365	2026-06-03 06:47:34	1	0	1	0
        117999	2026-06-03 06:49:15	1	0	1	0
        116551	2026-06-03 06:54:08	1	0	1	0
        116953	2026-06-03 06:54:15	1	0	1	0
        110430	2026-06-03 06:55:01	1	0	1	0
        110821	2026-06-03 06:58:04	1	0	1	0
        119340	2026-06-03 06:59:04	1	0	1	0
        118584	2026-06-03 06:59:53	1	0	1	0
        110512	2026-06-03 07:05:15	1	0	1	0
        118760	2026-06-03 07:05:50	1	0	1	0
        110819	2026-06-03 07:06:52	1	0	1	0
        110032	2026-06-03 07:08:02	1	0	16	0
        117716	2026-06-03 07:10:40	1	0	1	0
        110477	2026-06-03 07:11:22	1	0	1	0
        118509	2026-06-03 07:18:53	1	0	1	0
        118043	2026-06-03 07:19:17	1	0	1	0
        110506	2026-06-03 07:20:19	1	0	1	0
        117133	2026-06-03 07:20:30	1	0	16	0
        118301	2026-06-03 07:21:09	1	0	1	0
        117341	2026-06-03 07:23:42	1	0	1	0
        116537	2026-06-03 07:23:50	1	0	1	0
        110393	2026-06-03 07:26:42	1	0	1	0
        118829	2026-06-03 07:30:49	1	0	1	0
        110062	2026-06-03 07:33:57	1	0	1	0
        110053	2026-06-03 07:36:13	1	0	1	0
        110514	2026-06-03 07:38:18	1	0	1	0
        116493	2026-06-03 07:41:37	1	0	1	0
        117725	2026-06-03 07:42:09	1	0	1	0
        117242	2026-06-03 07:42:20	1	0	1	0
        119104	2026-06-03 07:43:31	1	0	1	0
        118503	2026-06-03 07:47:18	1	0	16	0
        110083	2026-06-03 07:48:11	1	0	1	0
        110485	2026-06-03 07:48:25	1	0	1	0
        118862	2026-06-03 07:49:11	1	0	1	0
        119602	2026-06-03 07:50:12	1	0	1	0
        110018	2026-06-03 07:51:10	1	0	1	0
        118407	2026-06-03 07:53:12	1	0	1	0
        118221	2026-06-03 07:57:41	1	0	1	0
        117707	2026-06-03 07:58:48	1	0	1	0
        117700	2026-06-03 08:02:00	1	0	1	0
        110201	2026-06-03 08:06:27	1	0	1	0
        117269	2026-06-03 08:09:33	1	0	1	0
        117965	2026-06-03 08:13:41	1	0	1	0
        110373	2026-06-03 08:28:22	1	0	1	0
        117687	2026-06-03 08:31:22	1	0	1	0
        117077	2026-06-03 09:02:42	1	0	16	0
        117077	2026-06-03 09:02:45	1	0	16	0
        117341	2026-06-03 12:00:59	1	0	1	0
        118509	2026-06-03 12:01:08	1	1	1	0
        116537	2026-06-03 12:01:13	1	1	1	0
        110373	2026-06-03 12:01:19	1	1	1	0
        110819	2026-06-03 12:01:25	1	1	1	0
        118584	2026-06-03 12:01:32	1	1	1	0
        117716	2026-06-03 12:01:36	1	1	1	0
        118221	2026-06-03 12:01:45	1	1	1	0
        118301	2026-06-03 12:02:02	1	1	1	0
        110477	2026-06-03 12:02:08	1	1	1	0
        110083	2026-06-03 12:03:07	1	1	1	0
        118503	2026-06-03 12:03:22	1	1	16	0
        118503	2026-06-03 12:03:24	1	1	16	0
        118043	2026-06-03 12:03:34	1	1	1	0
        118829	2026-06-03 12:03:38	1	1	1	0
        110032	2026-06-03 12:03:41	1	1	16	0
        110200	2026-06-03 12:04:21	1	1	1	0
        118862	2026-06-03 12:04:52	1	1	1	0
        117341	2026-06-03 12:04:57	1	1	1	0
        119386	2026-06-03 12:05:03	1	1	1	0
        110062	2026-06-03 12:05:06	1	1	1	0
        117700	2026-06-03 12:05:58	1	1	1	0
        118414	2026-06-03 12:06:13	1	1	1	0
        119602	2026-06-03 12:06:19	1	1	1	0
        117687	2026-06-03 12:06:22	1	1	1	0
        117242	2026-06-03 12:06:28	1	1	1	0
        119340	2026-06-03 12:06:34	1	1	1	0
        110198	2026-06-03 12:06:41	1	1	1	0
        117077	2026-06-03 12:07:10	1	1	16	0
        110053	2026-06-03 12:07:20	1	1	1	0
        110200	2026-06-03 12:07:27	1	0	1	0
        119386	2026-06-03 12:07:35	1	0	1	0
        117716	2026-06-03 12:07:45	1	0	1	0
        110062	2026-06-03 12:08:01	1	0	1	0
        117133	2026-06-03 12:08:18	1	0	16	0
        117700	2026-06-03 12:08:46	1	0	1	0
        117707	2026-06-03 12:08:54	1	1	1	0
        117725	2026-06-03 12:09:00	1	1	16	0
        119104	2026-06-03 12:09:18	1	1	1	0
        118414	2026-06-03 12:09:29	1	0	1	0
        118760	2026-06-03 12:09:36	1	1	1	0
        119602	2026-06-03 12:09:44	1	0	1	0
        117687	2026-06-03 12:09:54	1	0	1	0
        119340	2026-06-03 12:10:02	1	0	1	0
        110477	2026-06-03 12:10:19	1	0	1	0
        117077	2026-06-03 12:10:42	1	0	16	0
        118221	2026-06-03 12:10:50	1	0	1	0
        117999	2026-06-03 12:11:18	1	0	1	0
        116537	2026-06-03 12:11:24	1	0	1	0
        118829	2026-06-03 12:11:30	1	0	1	0
        117133	2026-06-03 12:11:36	1	0	16	0
        110819	2026-06-03 12:11:48	1	0	1	0
        118043	2026-06-03 12:12:25	1	0	1	0
        116551	2026-06-03 12:13:39	1	1	1	0
        110051	2026-06-03 12:14:06	1	1	1	0
        118862	2026-06-03 12:14:47	1	0	1	0
        117707	2026-06-03 12:15:17	1	0	1	0
        117725	2026-06-03 12:15:32	1	0	1	0
        118584	2026-06-03 12:16:34	1	0	1	0
        118760	2026-06-03 12:17:22	1	0	1	0
        116551	2026-06-03 12:18:24	1	0	1	0
        118503	2026-06-03 12:19:09	1	0	16	0
        118509	2026-06-03 12:19:18	1	0	1	0
        110485	2026-06-03 12:19:32	1	1	1	0
        116953	2026-06-03 12:21:49	1	1	1	0
        110032	2026-06-03 12:23:16	1	0	16	0
        116835	2026-06-03 12:24:43	1	1	1	0
        116953	2026-06-03 12:25:40	1	0	1	0
        110083	2026-06-03 12:26:02	1	0	1	0
        110198	2026-06-03 12:28:33	1	0	1	0
        110485	2026-06-03 12:29:18	1	0	1	0
        119104	2026-06-03 12:30:18	1	0	1	0
        110053	2026-06-03 12:30:36	1	0	1	0
        110373	2026-06-03 12:31:33	1	0	1	0
        119365	2026-06-03 12:32:05	1	1	1	0
        116493	2026-06-03 12:32:13	1	1	1	0
        110514	2026-06-03 12:32:52	1	1	1	0
        110512	2026-06-03 12:32:53	1	1	1	0
        110821	2026-06-03 12:32:59	1	1	1	0
        110430	2026-06-03 12:33:01	1	1	1	0
        117242	2026-06-03 12:35:54	1	1	1	0
        118407	2026-06-03 12:35:56	1	1	1	0
        110512	2026-06-03 12:36:12	1	1	1	0
        110821	2026-06-03 12:36:20	1	1	1	0
        110512	2026-06-03 12:36:37	1	0	1	0
        110514	2026-06-03 12:36:39	1	0	1	0
        110821	2026-06-03 12:36:43	1	0	1	0
        110430	2026-06-03 12:36:47	1	0	1	0
        117999	2026-06-03 12:36:57	1	0	1	0
        110018	2026-06-03 12:37:09	1	1	1	0
        110018	2026-06-03 12:39:03	1	0	1	0
        118301	2026-06-03 12:40:01	1	0	1	0
        117269	2026-06-03 12:42:35	1	1	1	0
        110051	2026-06-03 12:44:02	1	1	1	0
        116493	2026-06-03 12:44:43	1	0	1	0
        119365	2026-06-03 12:45:04	1	0	1	0
        110201	2026-06-03 12:45:25	1	1	1	0
        117965	2026-06-03 12:45:31	1	1	1	0
        116492	2026-06-03 12:47:45	1	1	1	0
        117965	2026-06-03 12:48:56	1	0	1	0
        110201	2026-06-03 12:49:02	1	0	1	0
        116492	2026-06-03 12:50:49	1	0	1	0
        117269	2026-06-03 12:54:31	1	0	1	0
        110819	2026-06-03 17:03:43	1	1	1	0
        110201	2026-06-03 17:13:34	1	1	1	0
        117965	2026-06-03 17:14:02	1	1	1	0
        117725	2026-06-03 17:21:09	1	1	16	0
        117725	2026-06-03 17:21:11	1	1	1	0
        119365	2026-06-03 18:02:47	1	1	1	0
        119340	2026-06-03 18:03:13	1	1	1	0
        116551	2026-06-03 18:04:46	1	1	1	0
        118414	2026-06-03 18:05:24	1	1	1	0
        116953	2026-06-03 18:05:34	1	1	1	0
        116492	2026-06-03 18:06:27	1	1	1	0
        117716	2026-06-03 18:13:15	1	1	1	0
        110477	2026-06-03 18:13:21	1	1	1	0
        110512	2026-06-03 18:13:37	1	1	1	0
        110821	2026-06-03 18:13:44	1	1	1	0
        110430	2026-06-03 18:13:47	1	1	1	0
        110514	2026-06-03 18:13:49	1	1	1	0
        119104	2026-06-03 18:13:55	1	1	1	0
        118760	2026-06-03 18:14:03	1	1	1	0
        117133	2026-06-03 18:20:08	1	1	16	0
        118584	2026-06-03 18:20:26	1	1	1	0
        110051	2026-06-03 18:20:32	1	1	1	0
        118509	2026-06-03 18:23:22	1	1	1	0
        118043	2026-06-03 18:24:37	1	1	1	0
        118301	2026-06-03 18:25:12	1	1	1	0
        116537	2026-06-03 18:26:36	1	1	1	0
        117341	2026-06-03 18:26:40	1	1	1	0
        118829	2026-06-03 18:30:35	1	1	1	0
        110485	2026-06-03 18:43:37	1	1	1	0
        110053	2026-06-03 18:51:15	1	1	1	0
        118503	2026-06-03 18:52:32	1	1	16	0
        118503	2026-06-03 18:52:34	1	1	16	0
        116493	2026-06-03 18:56:07	1	1	1	0
        118221	2026-06-03 19:03:19	1	1	1	0
        117700	2026-06-03 19:04:01	1	1	1	0
        110062	2026-06-03 19:04:12	1	1	1	0
        110018	2026-06-03 19:09:19	1	1	1	0
        117687	2026-06-03 19:09:24	1	1	1	0
        117999	2026-06-03 19:09:27	1	1	1	0
        117242	2026-06-03 19:09:31	1	1	1	0
        118407	2026-06-03 19:13:28	1	1	1	0
        119602	2026-06-03 19:13:33	1	1	1	0
        110083	2026-06-03 19:17:48	1	1	1	0
        117707	2026-06-03 19:20:01	1	1	1	0
        110032	2026-06-03 19:26:55	1	1	16	0
        118862	2026-06-03 19:41:42	1	1	1	0
        110198	2026-06-03 21:22:08	1	1	1	0
        118414	2026-06-04 06:34:18	1	0	1	0
        116835	2026-06-04 06:35:56	1	0	1	0
        117999	2026-06-04 06:51:47	1	0	1	0
        119365	2026-06-04 06:53:21	1	0	1	0
        119340	2026-06-04 06:54:15	1	0	1	0
        110821	2026-06-04 06:55:35	1	0	1	0
        118301	2026-06-04 06:58:03	1	0	1	0
        110512	2026-06-04 06:58:08	1	0	1	0
        110430	2026-06-04 06:59:01	1	0	1	0
        110477	2026-06-04 06:59:11	1	0	1	0
        110393	2026-06-04 07:00:44	1	0	1	0
        110819	2026-06-04 07:05:38	1	0	1	0
        118584	2026-06-04 07:15:16	1	0	1	0
        117023	2026-06-04 07:17:19	1	0	1	0
        118760	2026-06-04 07:17:43	1	0	1	0
        117707	2026-06-04 07:20:42	1	0	1	0
        110485	2026-06-04 07:20:48	1	0	1	0
        117716	2026-06-04 07:22:11	1	0	1	0
        118829	2026-06-04 07:25:32	1	0	1	0
        110032	2026-06-04 07:26:33	1	0	16	0
        117269	2026-06-04 07:28:27	1	0	1	0
        110193	2026-06-04 07:29:05	1	0	1	0
        118509	2026-06-04 07:29:28	1	0	1	0
        116537	2026-06-04 07:33:52	1	0	1	0
        117341	2026-06-04 07:33:58	1	0	1	0
        119104	2026-06-04 07:35:32	1	0	1	0
        110820	2026-06-04 07:37:30	1	0	1	0
        110817	2026-06-04 07:37:36	1	0	1	0
        110817	2026-06-04 07:37:38	1	0	1	0
        118862	2026-06-04 07:38:42	1	0	1	0
        110506	2026-06-04 07:40:32	1	0	1	0
        110198	2026-06-04 07:40:35	1	0	1	0
        110828	2026-06-04 07:41:45	1	0	1	0
        118043	2026-06-04 07:42:58	1	0	1	0
        110053	2026-06-04 07:46:19	1	0	1	0
        118503	2026-06-04 07:46:49	1	0	16	0
        118221	2026-06-04 07:47:23	1	0	1	0
        110818	2026-06-04 07:47:32	1	0	1	0
        110514	2026-06-04 07:48:00	1	0	1	0
        119602	2026-06-04 07:49:23	1	0	1	0
        110083	2026-06-04 07:49:35	1	0	1	0
        110062	2026-06-04 07:50:10	1	0	1	0
        116953	2026-06-04 07:50:34	1	0	1	0
        110018	2026-06-04 07:52:09	1	0	1	0
        117971	2026-06-04 07:52:15	1	0	1	0
        110051	2026-06-04 07:53:52	1	0	1	0
        110567	2026-06-04 07:56:34	1	0	1	0
        110413	2026-06-04 07:56:40	1	0	1	0
        117700	2026-06-04 08:02:48	1	0	1	0
        117687	2026-06-04 08:09:57	1	0	1	0
        116493	2026-06-04 08:10:45	1	0	1	0
        117725	2026-06-04 08:14:15	1	0	1	0
        117077	2026-06-04 09:14:05	1	0	16	0
        117077	2026-06-04 09:14:06	1	0	16	0
        118584	2026-06-04 12:00:59	1	1	1	0
        118509	2026-06-04 12:01:04	1	1	1	0
        117700	2026-06-04 12:01:07	1	1	1	0
        117716	2026-06-04 12:01:09	1	1	1	0
        117133	2026-06-04 12:01:22	1	1	16	0
        110485	2026-06-04 12:01:29	1	1	1	0
        110514	2026-06-04 12:01:33	1	1	1	0
        118862	2026-06-04 12:01:40	1	1	1	0
        118829	2026-06-04 12:01:43	1	1	1	0
        110477	2026-06-04 12:01:52	1	1	1	0
        117023	2026-06-04 12:01:58	1	1	1	0
        117707	2026-06-04 12:02:14	1	1	1	0
        117707	2026-06-04 12:02:16	1	1	1	0
        116537	2026-06-04 12:02:20	1	1	1	0
        118301	2026-06-04 12:02:38	1	1	1	0
        110820	2026-06-04 12:03:12	1	1	1	0
        110818	2026-06-04 12:03:15	1	1	1	0
        119386	2026-06-04 12:03:47	1	1	1	0
        110032	2026-06-04 12:04:11	1	1	16	0
        110032	2026-06-04 12:04:13	1	1	16	0
        110817	2026-06-04 12:04:27	1	1	16	0
        110817	2026-06-04 12:04:30	1	1	16	0
        110819	2026-06-04 12:04:42	1	1	1	0
        118760	2026-06-04 12:04:48	1	1	1	0
        110051	2026-06-04 12:04:54	1	1	1	0
        118829	2026-06-04 12:05:02	1	0	1	0
        110062	2026-06-04 12:05:19	1	1	1	0
        117269	2026-06-04 12:05:22	1	1	1	0
        117707	2026-06-04 12:05:30	1	0	1	0
        110485	2026-06-04 12:05:36	1	0	1	0
        118862	2026-06-04 12:05:39	1	0	1	0
        119602	2026-06-04 12:05:47	1	1	1	0
        117999	2026-06-04 12:05:49	1	1	1	0
        118414	2026-06-04 12:05:55	1	1	1	0
        117687	2026-06-04 12:06:02	1	1	1	0
        118043	2026-06-04 12:06:16	1	1	1	0
        110514	2026-06-04 12:06:26	1	0	1	0
        110062	2026-06-04 12:07:05	1	0	1	0
        119386	2026-06-04 12:07:12	1	0	1	0
        110051	2026-06-04 12:07:24	1	0	1	0
        118584	2026-06-04 12:07:33	1	0	1	0
        119340	2026-06-04 12:07:46	1	1	1	0
        117341	2026-06-04 12:07:59	1	1	1	0
        118414	2026-06-04 12:08:18	1	0	1	0
        117133	2026-06-04 12:08:27	1	0	16	0
        117700	2026-06-04 12:08:50	1	0	1	0
        118509	2026-06-04 12:09:05	1	0	1	0
        116537	2026-06-04 12:09:11	1	0	1	0
        110477	2026-06-04 12:09:15	1	0	1	0
        118760	2026-06-04 12:09:25	1	0	1	0
        110819	2026-06-04 12:09:33	1	0	1	0
        110817	2026-06-04 12:09:41	1	0	16	0
        110817	2026-06-04 12:09:43	1	0	16	0
        118503	2026-06-04 12:10:35	1	1	16	0
        117716	2026-06-04 12:10:54	1	0	1	0
        110506	2026-06-04 12:12:14	1	1	1	0
        118407	2026-06-04 12:12:19	1	1	1	0
        116953	2026-06-04 12:13:22	1	1	1	0
        118503	2026-06-04 12:13:35	1	0	16	0
        118221	2026-06-04 12:14:00	1	1	1	0
        110083	2026-06-04 12:14:30	1	1	1	0
        110032	2026-06-04 12:15:12	1	0	16	0
        110032	2026-06-04 12:15:14	1	0	16	0
        117341	2026-06-04 12:15:37	1	0	1	0
        110506	2026-06-04 12:15:47	1	0	1	0
        117077	2026-06-04 12:17:14	1	1	16	0
        117077	2026-06-04 12:17:17	1	1	16	0
        119104	2026-06-04 12:17:35	1	1	1	0
        119340	2026-06-04 12:17:46	1	0	1	0
        116953	2026-06-04 12:17:50	1	0	1	0
        117999	2026-06-04 12:18:24	1	0	1	0
        110818	2026-06-04 12:19:46	1	0	1	0
        110820	2026-06-04 12:19:53	1	0	1	0
        116493	2026-06-04 12:20:05	1	1	1	0
        119365	2026-06-04 12:20:13	1	1	1	0
        117077	2026-06-04 12:20:29	1	0	16	0
        117077	2026-06-04 12:20:31	1	0	16	0
        118043	2026-06-04 12:22:57	1	0	1	0
        110083	2026-06-04 12:23:19	1	0	1	0
        119104	2026-06-04 12:25:02	1	0	1	0
        116493	2026-06-04 12:25:35	1	0	1	0
        119365	2026-06-04 12:26:06	1	0	16	0
        117971	2026-06-04 12:28:01	1	0	1	0
        117725	2026-06-04 12:29:13	1	0	1	0
        117971	2026-06-04 12:30:17	1	0	1	0
        117725	2026-06-04 12:33:00	1	0	1	0
        110413	2026-06-04 12:35:27	1	1	1	0
        119602	2026-06-04 12:38:37	1	0	1	0
        117687	2026-06-04 12:38:47	1	0	1	0
        118407	2026-06-04 12:38:54	1	0	1	0
        110413	2026-06-04 12:39:22	1	0	1	0
        117269	2026-06-04 12:42:43	1	0	1	0
        119386	2026-06-04 12:44:00	1	0	1	0
        110512	2026-06-04 12:45:02	1	1	1	0
        110430	2026-06-04 12:45:04	1	1	1	0
        110821	2026-06-04 12:45:08	1	1	1	0
        110018	2026-06-04 12:46:37	1	1	1	0
        110567	2026-06-04 12:46:52	1	1	1	0
        118301	2026-06-04 12:47:33	1	0	1	0
        110512	2026-06-04 12:49:02	1	0	1	0
        110430	2026-06-04 12:49:07	1	0	1	0
        110821	2026-06-04 12:49:13	1	0	1	0
        110053	2026-06-04 12:49:21	1	1	1	0
        110018	2026-06-04 12:49:32	1	0	1	0
        110193	2026-06-04 12:50:45	1	0	1	0
        110193	2026-06-04 12:51:09	1	1	1	0
        116835	2026-06-04 12:51:15	1	1	1	0
        110183	2026-06-04 12:51:41	1	0	1	0
        110053	2026-06-04 12:52:36	1	0	1	0
        110193	2026-06-04 12:54:08	1	0	1	0
        116835	2026-06-04 12:54:13	1	0	1	0
        117023	2026-06-04 12:55:23	1	0	1	0
        110567	2026-06-04 12:55:30	1	0	1	0
        118221	2026-06-04 12:59:39	1	0	1	0
        116493	2026-06-04 16:08:18	1	1	1	0
        110820	2026-06-04 17:04:03	1	1	1	0
        110818	2026-06-04 17:04:07	1	1	1	0
        110819	2026-06-04 17:04:29	1	1	1	0
        110567	2026-06-04 17:04:59	1	1	1	0
        110817	2026-06-04 18:01:26	1	1	16	0
        110817	2026-06-04 18:01:28	1	1	16	0
        110477	2026-06-04 18:02:09	1	1	1	0
        119365	2026-06-04 18:02:30	1	1	1	0
        119340	2026-06-04 18:03:34	1	1	1	0
        118301	2026-06-04 18:03:41	1	1	1	0
        118760	2026-06-04 18:11:15	1	1	1	0
        117133	2026-06-04 18:11:51	1	1	16	0
        110193	2026-06-04 18:13:36	1	1	1	0
        118414	2026-06-04 18:22:10	1	1	1	0
        117716	2026-06-04 18:24:42	1	1	1	0
        118829	2026-06-04 18:26:18	1	1	1	0
        117971	2026-06-04 18:28:52	1	1	1	0
        110512	2026-06-04 18:29:00	1	1	1	0
        117725	2026-06-04 18:29:09	1	1	16	0
        117269	2026-06-04 18:29:32	1	1	1	0
        118509	2026-06-04 18:30:57	1	1	1	0
        110430	2026-06-04 18:32:32	1	1	1	0
        110514	2026-06-04 18:32:34	1	1	1	0
        110821	2026-06-04 18:32:50	1	1	1	0
        110183	2026-06-04 18:33:55	1	1	1	0
        110485	2026-06-04 18:34:26	1	1	1	0
        118043	2026-06-04 18:43:32	1	1	1	0
        118503	2026-06-04 18:48:22	1	1	16	0
        118584	2026-06-04 18:49:59	1	1	1	0
        117023	2026-06-04 18:50:17	1	1	1	0
        116537	2026-06-04 18:50:29	1	1	1	0
        117341	2026-06-04 18:50:44	1	1	1	0
        117707	2026-06-04 18:54:35	1	1	1	0
        110032	2026-06-04 18:55:44	1	1	16	0
        116953	2026-06-04 18:59:16	1	1	1	0
        118407	2026-06-04 19:00:09	1	1	1	0
        119104	2026-06-04 19:01:33	1	1	1	0
        117700	2026-06-04 19:02:03	1	1	1	0
        110062	2026-06-04 19:04:15	1	1	1	0
        118221	2026-06-04 19:06:01	1	1	1	0
        117077	2026-06-04 19:06:39	1	1	16	0
        118862	2026-06-04 19:06:51	1	1	1	0
        118221	2026-06-04 19:07:04	1	1	1	0
        110051	2026-06-04 19:11:32	1	1	1	0
        110413	2026-06-04 19:13:16	1	1	1	0
        110018	2026-06-04 19:14:31	1	1	1	0
        117999	2026-06-04 19:14:46	1	1	1	0
        110083	2026-06-04 19:15:42	1	1	1	0
        119602	2026-06-04 19:20:20	1	1	1	0
        117687	2026-06-04 19:20:25	1	1	1	0
        110053	2026-06-04 20:32:48	1	1	1	0
        116835	2026-06-04 23:01:17	1	1	1	0
        110372	2026-06-04 23:01:20	1	1	1	0
        110819	2026-06-05 07:02:07	1	0	1	0
        117971	2026-06-05 07:29:40	1	0	1	0
        117725	2026-06-05 07:36:32	1	0	1	0
        117023	2026-06-05 07:48:09	1	0	1	0
        110820	2026-06-05 07:49:20	1	0	1	0
        117965	2026-06-05 07:55:56	1	0	1	0
        110818	2026-06-05 08:08:07	1	0	1	0
        110567	2026-06-05 08:19:14	1	0	1	0
        110374	2026-06-05 08:20:40	1	0	1	0
        110370	2026-06-05 08:22:16	1	0	1	0
        110373	2026-06-05 08:40:33	1	0	1	0
        110373	2026-06-05 12:02:03	1	1	1	0
        110370	2026-06-05 12:02:06	1	1	1	0
        110374	2026-06-05 12:02:09	1	1	1	0
        110819	2026-06-05 12:03:00	1	1	1	0
        110820	2026-06-05 12:03:45	1	1	1	0
        110818	2026-06-05 12:05:04	1	1	1	0
        110820	2026-06-05 12:15:59	1	0	1	0
        110818	2026-06-05 12:16:05	1	0	1	0
        117965	2026-06-05 12:29:10	1	0	1	0
        117965	2026-06-05 12:31:56	1	1	1	0
        117971	2026-06-05 12:32:12	1	1	1	0
        110567	2026-06-05 12:32:27	1	1	1	0
        117965	2026-06-05 12:34:25	1	0	1	0
        117971	2026-06-05 12:34:39	1	0	1	0
        110819	2026-06-05 12:40:29	1	0	1	0
        110373	2026-06-05 12:40:38	1	0	1	0
        110370	2026-06-05 12:40:46	1	0	1	0
        110374	2026-06-05 12:40:51	1	0	1	0
        117023	2026-06-05 12:45:01	1	1	1	0
        110567	2026-06-05 12:45:11	1	0	1	0
        117725	2026-06-05 12:49:55	1	1	1	0
        117023	2026-06-05 12:51:02	1	0	1	0
        117725	2026-06-05 12:53:19	1	0	1	0
        110819	2026-06-05 17:01:30	1	1	1	0
        110820	2026-06-05 17:06:57	1	1	1	0
        117971	2026-06-05 17:11:12	1	1	1	0
        117965	2026-06-05 17:11:20	1	1	1	0
        110567	2026-06-05 17:24:50	1	1	1	0
        117023	2026-06-05 18:02:11	1	1	1	0
        118414	2026-06-08 06:25:54	1	0	1	0
        119365	2026-06-08 06:31:07	1	0	1	0
        110512	2026-06-08 06:39:57	1	0	1	0
        110051	2026-06-08 06:42:13	1	0	1	0
        116551	2026-06-08 06:50:45	1	0	1	0
        118301	2026-06-08 06:51:20	1	0	1	0
        110430	2026-06-08 06:51:40	1	0	1	0
        119104	2026-06-08 06:54:58	1	0	1	0
        118503	2026-06-08 06:55:36	1	0	16	0
        116383	2026-06-08 06:59:08	1	0	16	0
        118221	2026-06-08 07:00:28	1	0	1	0
        110821	2026-06-08 07:02:22	1	0	1	0
        110514	2026-06-08 07:03:21	1	0	1	0
        116492	2026-06-08 07:05:35	1	0	1	0
        119602	2026-06-08 07:06:59	1	0	1	0
        110819	2026-06-08 07:07:39	1	0	1	0
        116337	2026-06-08 07:12:29	1	0	1	0
        118043	2026-06-08 07:12:35	1	0	1	0
        118741	2026-06-08 07:18:35	1	0	1	0
        119475	2026-06-08 07:19:54	1	0	1	0
        110032	2026-06-08 07:24:13	1	0	16	0
        110100	2026-06-08 07:24:49	1	0	1	0
        110477	2026-06-08 07:25:55	1	0	1	0
        118584	2026-06-08 07:28:09	1	0	1	0
        118829	2026-06-08 07:31:44	1	1	1	0
        118829	2026-06-08 07:31:50	1	0	1	0
        110485	2026-06-08 07:32:27	1	0	1	0
        110053	2026-06-08 07:34:01	1	0	1	0
        110820	2026-06-08 07:34:51	1	0	1	0
        110828	2026-06-08 07:35:53	1	0	1	0
        110818	2026-06-08 07:36:36	1	0	1	0
        117341	2026-06-08 07:37:35	1	0	1	0
        110083	2026-06-08 07:39:03	1	0	1	0
        119365	2026-06-09 06:32:05	1	0	1	0
        116492	2026-06-09 06:51:28	1	0	1	0
        116551	2026-06-09 06:52:53	1	0	1	0
        117269	2026-06-09 06:52:58	1	0	1	0
        118301	2026-06-09 06:58:13	1	0	1	0
        118584	2026-06-09 06:58:42	1	0	1	0
        110430	2026-06-09 07:00:48	1	0	1	0
        118043	2026-06-09 07:02:16	1	0	1	0
        116337	2026-06-09 07:04:59	1	0	1	0
        118829	2026-06-09 07:09:32	1	0	1	0
        110821	2026-06-09 07:12:47	1	0	1	0
        110512	2026-06-09 07:12:52	1	0	1	0
        118503	2026-06-09 07:16:12	1	0	16	0
        119475	2026-06-09 07:16:53	1	0	1	0
        110477	2026-06-09 07:19:25	1	0	1	0
        110053	2026-06-09 07:31:39	1	0	1	0
        110032	2026-06-09 07:36:09	1	0	16	0
        117700	2026-06-09 07:37:53	1	0	1	0
        110828	2026-06-09 07:38:19	1	0	1	0
        110183	2026-06-09 07:43:35	1	0	1	0
        118862	2026-06-09 07:45:03	1	0	1	0
        110083	2026-06-09 07:46:54	1	0	1	0
        117341	2026-06-09 07:50:23	1	0	1	0
        110485	2026-06-09 07:52:38	1	0	16	0
        116790	2026-06-09 07:52:49	1	0	1	0
        118221	2026-06-09 08:14:32	1	0	1	0
        110062	2026-06-09 08:16:08	1	0	1	0
        116551	2026-06-09 12:02:00	1	1	1	0
        118584	2026-06-09 12:02:14	1	1	1	0
        110032	2026-06-09 12:02:23	1	1	16	0
        110032	2026-06-09 12:02:26	1	1	16	0
        110828	2026-06-09 12:02:35	1	1	1	0
        118043	2026-06-09 12:02:43	1	1	1	0
        119107	2026-06-09 12:03:00	1	1	1	0
        119107	2026-06-09 12:03:02	1	1	16	0
        116337	2026-06-09 12:04:34	1	1	1	0
        117269	2026-06-09 12:05:29	1	1	1	0
        118829	2026-06-09 12:05:31	1	1	1	0
        110828	2026-06-09 12:05:43	1	0	1	0
        110485	2026-06-09 12:05:56	1	1	16	0
        110485	2026-06-09 12:05:57	1	1	16	0
        119107	2026-06-09 12:06:17	1	1	1	0
        118301	2026-06-09 12:06:26	1	1	1	0
        110512	2026-06-09 12:06:32	1	1	1	0
        110430	2026-06-09 12:06:38	1	1	1	0
        110821	2026-06-09 12:06:43	1	1	1	0
        118221	2026-06-09 12:06:52	1	1	1	0
        118829	2026-06-09 12:08:19	1	0	1	0
        110032	2026-06-09 12:08:30	1	0	16	0
        116551	2026-06-09 12:08:51	1	0	1	0
        116337	2026-06-09 12:10:06	1	0	1	0
        118043	2026-06-09 12:10:59	1	0	1	0
        118221	2026-06-09 12:11:38	1	0	1	0
        118584	2026-06-09 12:12:02	1	0	1	0
        117700	2026-06-09 12:13:04	1	0	1	0
        110083	2026-06-09 12:13:44	1	0	1	0
        110485	2026-06-09 12:17:22	1	0	1	0
        117700	2026-06-09 12:17:38	1	0	1	0
        110512	2026-06-09 12:18:42	1	0	1	0
        110430	2026-06-09 12:18:47	1	0	1	0
        110821	2026-06-09 12:18:52	1	0	1	0
        118301	2026-06-09 12:18:59	1	0	1	0
        116492	2026-06-09 12:21:01	1	0	1	0
        119475	2026-06-09 12:23:02	1	1	1	0
        116790	2026-06-09 12:24:35	1	1	1	0
        116492	2026-06-09 12:27:55	1	0	1	0
        119475	2026-06-09 12:29:16	1	0	1	0
        117269	2026-06-09 12:30:55	1	0	1	0
        110083	2026-06-09 12:34:47	1	0	1	0
        119386	2026-06-09 12:35:14	1	0	1	0
        119386	2026-06-09 12:36:10	1	0	1	0
        116790	2026-06-09 12:39:49	1	0	1	0
        118503	2026-06-09 12:41:41	1	1	16	0
        110053	2026-06-09 12:41:46	1	1	1	0
        118503	2026-06-09 12:50:57	1	0	16	0
        110053	2026-06-09 12:51:19	1	0	1	0
        117269	2026-06-09 18:01:40	1	1	1	0
        119365	2026-06-09 18:01:47	1	1	1	0
        116492	2026-06-09 18:01:53	1	1	1	0
        116551	2026-06-09 18:02:52	1	1	1	0
        118584	2026-06-09 18:03:16	1	1	1	0
        118301	2026-06-09 18:04:31	1	1	1	0
        116337	2026-06-09 18:05:48	1	1	1	0
        118043	2026-06-09 18:07:48	1	1	1	0
        118503	2026-06-09 18:20:35	1	1	16	0
        110477	2026-06-09 18:20:57	1	1	1	0
        119104	2026-06-09 18:21:53	1	1	1	0
        110053	2026-06-09 18:32:47	1	1	1	0
        119475	2026-06-09 18:33:37	1	1	1	0
        117700	2026-06-09 18:40:35	1	1	1	0
        110485	2026-06-09 18:54:05	1	1	16	0
        110485	2026-06-09 18:54:07	1	1	16	0
        116790	2026-06-09 18:54:43	1	1	1	0
        110032	2026-06-09 18:58:14	1	1	16	0
        110083	2026-06-09 18:59:27	1	1	1	0
        119386	2026-06-09 19:00:19	1	1	1	0
        118221	2026-06-09 19:00:23	1	1	1	0
        110062	2026-06-09 19:00:29	1	1	1	0
        119365	2026-06-10 06:31:53	1	0	1	0
        110819	2026-06-10 06:37:12	1	0	1	0
        110051	2026-06-10 06:39:31	1	0	1	0
        116835	2026-06-10 06:43:12	1	0	1	0
        117269	2026-06-10 06:43:41	1	0	1	0
        118301	2026-06-10 06:45:12	1	0	1	0
        116551	2026-06-10 06:45:16	1	0	1	0
        110430	2026-06-10 06:59:11	1	0	1	0
        118503	2026-06-10 07:04:41	1	0	16	0
        110477	2026-06-10 07:05:13	1	0	1	0
        110821	2026-06-10 07:09:31	1	0	1	0
        110512	2026-06-10 07:13:36	1	0	1	0
        110449	2026-06-10 07:13:42	1	0	1	0
        110053	2026-06-10 07:17:57	1	0	1	0
        118043	2026-06-10 07:22:20	1	0	1	0
        116790	2026-06-10 07:28:01	1	0	1	0
        110514	2026-06-10 07:28:46	1	0	1	0
        116337	2026-06-10 07:28:57	1	0	1	0
        118829	2026-06-10 07:30:23	1	0	1	0
        110083	2026-06-10 07:36:50	1	0	1	0
        118584	2026-06-10 07:37:21	1	0	1	0
        117700	2026-06-10 07:41:01	1	0	1	0
        119104	2026-06-10 07:44:17	1	0	1	0
        110032	2026-06-10 07:44:22	1	0	16	0
        110032	2026-06-10 07:44:24	1	0	16	0
        110818	2026-06-10 07:44:31	1	0	1	0
        118862	2026-06-10 07:44:51	1	0	1	0
        110828	2026-06-10 07:44:53	1	0	1	0
        116383	2026-06-10 07:45:44	1	0	16	0
        117971	2026-06-10 07:50:15	1	0	1	0
        110370	2026-06-10 07:52:59	1	0	1	0
        110372	2026-06-10 07:56:03	1	0	1	0
        110485	2026-06-10 07:57:09	1	0	1	0
        117341	2026-06-10 07:57:46	1	0	1	0
        118221	2026-06-10 07:59:46	1	0	1	0
        110062	2026-06-10 08:01:48	1	0	1	0
        119602	2026-06-10 08:12:24	1	0	1	0
        110193	2026-06-10 08:16:52	1	0	1	0
        110198	2026-06-10 08:17:01	1	0	1	0
        110506	2026-06-10 08:17:05	1	0	1	0
        110374	2026-06-10 08:23:29	1	0	1	0
        110373	2026-06-10 08:30:23	1	0	1	0
        117700	2026-06-10 12:01:03	1	1	1	0
        116383	2026-06-10 12:01:28	1	1	1	0
        118584	2026-06-10 12:01:46	1	1	1	0
        118862	2026-06-10 12:03:23	1	1	1	0
        116383	2026-06-10 12:04:14	1	1	1	0
        116383	2026-06-10 12:04:27	1	0	1	0
        110485	2026-06-10 12:04:41	1	1	1	0
        118221	2026-06-10 12:04:49	1	1	1	0
        110477	2026-06-10 12:04:54	1	1	1	0
        118829	2026-06-10 12:05:22	1	1	1	0
        118584	2026-06-10 12:05:27	1	0	1	0
        110819	2026-06-10 12:05:37	1	1	1	0
        110051	2026-06-10 12:07:51	1	1	1	0
        110819	2026-06-10 12:09:02	1	0	1	0
        110374	2026-06-10 12:09:13	1	0	1	0
        110370	2026-06-10 12:10:06	1	1	1	0
        110373	2026-06-10 12:10:09	1	1	1	0
        110818	2026-06-10 12:10:21	1	1	1	0
        118503	2026-06-10 12:10:35	1	1	16	0
        119365	2026-06-10 12:10:51	1	1	1	0
        118221	2026-06-10 12:11:12	1	0	1	0
        118829	2026-06-10 12:11:19	1	0	1	0
        118043	2026-06-10 12:11:30	1	1	1	0
        117341	2026-06-10 12:11:34	1	1	1	0
        116790	2026-06-10 12:11:54	1	1	1	0
        110051	2026-06-10 12:13:11	1	0	1	0
        110373	2026-06-10 12:13:40	1	0	1	0
        110370	2026-06-10 12:13:44	1	0	1	0
        110374	2026-06-10 12:13:53	1	0	1	0
        110506	2026-06-10 12:14:50	1	1	1	0
        110198	2026-06-10 12:14:58	1	1	1	0
        110512	2026-06-10 12:15:20	1	1	1	0
        116551	2026-06-10 12:15:33	1	1	1	0
        119365	2026-06-10 12:16:18	1	0	1	0
        110485	2026-06-10 12:16:27	1	0	1	0
        110821	2026-06-10 12:17:06	1	1	1	0
        110430	2026-06-10 12:17:10	1	1	1	0
        110514	2026-06-10 12:17:13	1	1	1	0
        110183	2026-06-10 12:17:16	1	1	1	0
        116790	2026-06-10 12:17:24	1	0	1	0
        110512	2026-06-10 12:18:31	1	0	1	0
        110053	2026-06-10 12:19:10	1	1	1	0
        110449	2026-06-10 12:19:16	1	1	1	0
        110477	2026-06-10 12:19:23	1	0	1	0
        118862	2026-06-10 12:19:27	1	0	1	0
        110372	2026-06-10 12:19:35	1	1	1	0
        116551	2026-06-10 12:20:18	1	0	1	0
        110083	2026-06-10 12:20:26	1	1	1	0
        117269	2026-06-10 12:21:24	1	1	1	0
        110430	2026-06-10 12:22:22	1	1	1	0
        110430	2026-06-10 12:22:51	1	0	1	0
        110183	2026-06-10 12:22:58	1	0	1	0
        110514	2026-06-10 12:23:04	1	0	1	0
        110821	2026-06-10 12:23:09	1	0	1	0
        110083	2026-06-10 12:23:17	1	0	1	0
        110372	2026-06-10 12:23:27	1	0	1	0
        110032	2026-06-10 12:24:31	1	1	16	0
        110032	2026-06-10 12:24:33	1	1	16	0
        117700	2026-06-10 12:24:47	1	0	1	0
        116835	2026-06-10 12:24:58	1	1	1	0
        110506	2026-06-10 12:25:45	1	0	1	0
        110198	2026-06-10 12:25:48	1	0	1	0
        116835	2026-06-10 12:26:41	1	0	1	0
        118043	2026-06-10 12:26:51	1	0	1	0
        110818	2026-06-10 12:30:07	1	0	1	0
        118503	2026-06-10 12:30:39	1	0	16	0
        110032	2026-06-10 12:32:29	1	0	1	0
        110053	2026-06-10 12:32:35	1	0	1	0
        110449	2026-06-10 12:32:50	1	0	1	0
        117971	2026-06-10 12:35:00	1	1	1	0
        119602	2026-06-10 12:35:55	1	1	1	0
        117971	2026-06-10 12:36:31	1	0	1	0
        110828	2026-06-10 12:36:42	1	1	1	0
        110828	2026-06-10 12:39:46	1	0	1	0
        119602	2026-06-10 12:43:48	1	0	1	0
        110062	2026-06-10 12:45:22	1	1	1	0
        117269	2026-06-10 12:47:22	1	0	1	0
        116337	2026-06-10 12:47:50	1	1	1	0
        117341	2026-06-10 12:48:01	1	1	1	0
        116337	2026-06-10 12:50:42	1	0	1	0
        110062	2026-06-10 12:58:35	1	0	1	0
        110819	2026-06-10 17:00:24	1	1	1	0
        110818	2026-06-10 17:01:02	1	1	1	0
        110370	2026-06-10 17:08:07	1	1	1	0
        117971	2026-06-10 17:15:42	1	1	1	0
        110374	2026-06-10 17:27:12	1	1	1	0
        110373	2026-06-10 17:30:26	1	1	1	0
        110198	2026-06-10 18:02:11	1	1	1	0
        110506	2026-06-10 18:02:13	1	1	1	0
        118301	2026-06-10 18:02:21	1	1	1	0
        119365	2026-06-10 18:04:22	1	1	1	0
        116551	2026-06-10 18:04:25	1	1	1	0
        118503	2026-06-10 18:04:32	1	1	16	0
        117269	2026-06-10 18:06:03	1	1	1	0
        110051	2026-06-10 18:06:38	1	1	1	0
        110477	2026-06-10 18:06:44	1	1	1	0
        119104	2026-06-10 18:12:51	1	1	1	0
        110430	2026-06-10 18:13:47	1	1	1	0
        110821	2026-06-10 18:13:58	1	1	1	0
        110449	2026-06-10 18:21:17	1	1	1	0
        118043	2026-06-10 18:28:41	1	1	1	0
        110053	2026-06-10 18:29:49	1	1	1	0
        110514	2026-06-10 18:33:50	1	1	1	0
        110512	2026-06-10 18:33:53	1	1	1	0
        116790	2026-06-10 18:39:37	1	1	1	0
        110828	2026-06-10 18:41:17	1	1	1	0
        117700	2026-06-10 18:43:44	1	1	1	0
        118584	2026-06-10 18:48:06	1	1	1	0
        116337	2026-06-10 18:48:31	1	1	1	0
        117341	2026-06-10 18:59:12	1	1	1	0
        118862	2026-06-10 19:00:31	1	1	1	0
        110485	2026-06-10 19:00:55	1	1	16	0
        110083	2026-06-10 19:01:23	1	1	1	0
        110062	2026-06-10 19:02:11	1	1	1	0
        118221	2026-06-10 19:02:15	1	1	1	0
        110032	2026-06-10 19:07:53	1	1	1	0
        119602	2026-06-10 19:29:58	1	1	1	0
        116835	2026-06-10 20:05:49	1	1	1	0
        119365	2026-06-11 06:28:06	1	0	1	0
        116835	2026-06-11 06:38:59	1	0	1	0
        116551	2026-06-11 06:41:25	1	0	1	0
        117269	2026-06-11 06:55:03	1	0	1	0
        110430	2026-06-11 07:01:45	1	0	1	0
        116383	2026-06-11 07:03:03	1	0	1	0
        118301	2026-06-11 07:03:27	1	0	1	0
        118043	2026-06-11 07:04:44	1	0	1	0
        110821	2026-06-11 07:08:17	1	0	1	0
        110477	2026-06-11 07:08:54	1	0	1	0
        118503	2026-06-11 07:09:12	1	0	16	0
        110819	2026-06-11 07:13:21	1	0	1	0
        119475	2026-06-11 07:17:33	1	0	16	0
        110512	2026-06-11 07:18:03	1	0	1	0
        117725	2026-06-11 07:21:18	1	0	1	0
        110817	2026-06-11 07:27:19	1	0	1	0
        110817	2026-06-11 07:27:21	1	0	16	0
        110198	2026-06-11 07:29:40	1	0	16	0
        110198	2026-06-11 07:29:42	1	0	16	0
        110449	2026-06-11 07:30:19	1	0	1	0
        118829	2026-06-11 07:30:28	1	0	1	0
        110193	2026-06-11 07:31:58	1	0	1	0
        110820	2026-06-11 07:34:46	1	0	1	0
        110828	2026-06-11 07:34:53	1	0	1	0
        110514	2026-06-11 07:41:41	1	0	1	0
        110053	2026-06-11 07:41:50	1	0	1	0
        117642	2026-06-11 07:42:46	1	0	1	0
        110423	2026-06-11 07:44:55	1	0	1	0
        116790	2026-06-11 07:45:57	1	0	1	0
        116337	2026-06-11 07:46:02	1	0	1	0
        110083	2026-06-11 07:47:55	1	0	1	0
        118862	2026-06-11 07:48:01	1	0	1	0
        110032	2026-06-11 07:48:45	1	0	1	0
        118584	2026-06-11 07:49:46	1	0	1	0
        110818	2026-06-11 07:49:53	1	0	1	0
        110018	2026-06-11 07:52:17	1	0	1	0
        118407	2026-06-11 07:52:22	1	0	1	0
        117965	2026-06-11 07:53:32	1	0	1	0
        117971	2026-06-11 07:54:25	1	0	1	0
        119602	2026-06-11 07:55:14	1	0	1	0
        116537	2026-06-11 07:58:21	1	0	1	0
        117341	2026-06-11 07:58:27	1	0	1	0
        117687	2026-06-11 08:04:49	1	0	1	0
        110062	2026-06-11 08:06:33	1	0	1	0
        110485	2026-06-11 08:09:22	1	0	1	0
        110370	2026-06-11 08:15:31	1	0	1	0
        110374	2026-06-11 08:26:57	1	0	1	0
        110373	2026-06-11 08:29:52	1	0	1	0
        117700	2026-06-11 12:00:58	1	0	1	0
        110374	2026-06-11 12:01:13	1	0	1	0
        118829	2026-06-11 12:01:22	1	1	1	0
        110032	2026-06-11 12:01:25	1	1	1	0
        118584	2026-06-11 12:01:38	1	1	1	0
        110198	2026-06-11 12:01:44	1	1	1	0
        119365	2026-06-11 12:02:14	1	1	1	0
        116383	2026-06-11 12:02:34	1	1	1	0
        110817	2026-06-11 12:02:48	1	1	1	0
        110828	2026-06-11 12:03:48	1	1	1	0
        110370	2026-06-11 12:04:20	1	1	1	0
        110373	2026-06-11 12:04:26	1	1	1	0
        110819	2026-06-11 12:04:47	1	1	1	0
        110374	2026-06-11 12:04:50	1	1	1	0
        116551	2026-06-11 12:05:07	1	1	1	0
        118584	2026-06-11 12:05:28	1	0	1	0
        116383	2026-06-11 12:05:34	1	0	1	0
        118862	2026-06-11 12:05:42	1	1	1	0
        118503	2026-06-11 12:05:50	1	1	16	0
        118301	2026-06-11 12:06:04	1	1	1	0
        110817	2026-06-11 12:06:08	1	1	1	0
        118829	2026-06-11 12:06:15	1	0	1	0
        110423	2026-06-11 12:06:18	1	0	1	0
        116790	2026-06-11 12:06:33	1	1	1	0
        110083	2026-06-11 12:06:39	1	1	1	0
        118043	2026-06-11 12:08:09	1	1	1	0
        110819	2026-06-11 12:09:16	1	0	1	0
        110449	2026-06-11 12:09:22	1	0	1	0
        118862	2026-06-11 12:09:29	1	0	1	0
        119365	2026-06-11 12:09:37	1	0	1	0
        118503	2026-06-11 12:09:49	1	0	16	0
        118503	2026-06-11 12:09:51	1	0	16	0
        110818	2026-06-11 12:11:00	1	1	1	0
        110820	2026-06-11 12:11:06	1	1	1	0
        116551	2026-06-11 12:11:13	1	0	1	0
        110506	2026-06-11 12:11:44	1	1	1	0
        110198	2026-06-11 12:11:56	1	0	1	0
        116337	2026-06-11 12:12:04	1	1	1	0
        117269	2026-06-11 12:12:33	1	1	1	0
        110512	2026-06-11 12:13:41	1	1	1	0
        110821	2026-06-11 12:13:45	1	1	1	0
        110430	2026-06-11 12:13:48	1	1	1	0
        110514	2026-06-11 12:13:54	1	1	1	0
        110477	2026-06-11 12:13:57	1	1	1	0
        110183	2026-06-11 12:14:06	1	1	1	0
        116790	2026-06-11 12:14:23	1	0	1	0
        110062	2026-06-11 12:14:38	1	1	1	0
        110032	2026-06-11 12:14:59	1	0	1	0
        110062	2026-06-11 12:16:18	1	0	1	0
        116537	2026-06-11 12:17:17	1	1	1	0
        110512	2026-06-11 12:18:08	1	0	1	0
        110514	2026-06-11 12:18:11	1	0	1	0
        110430	2026-06-11 12:18:16	1	0	1	0
        110821	2026-06-11 12:18:20	1	0	1	0
        110183	2026-06-11 12:18:26	1	0	1	0
        110506	2026-06-11 12:18:32	1	0	1	0
        110372	2026-06-11 12:18:39	1	1	1	0
        116835	2026-06-11 12:18:44	1	1	1	0
        116337	2026-06-11 12:20:24	1	0	1	0
        110485	2026-06-11 12:20:47	1	1	1	0
        118407	2026-06-11 12:21:09	1	1	1	0
        110477	2026-06-11 12:21:30	1	0	1	0
        110372	2026-06-11 12:22:16	1	0	1	0
        116835	2026-06-11 12:22:28	1	0	1	0
        110485	2026-06-11 12:25:03	1	0	1	0
        117341	2026-06-11 12:25:17	1	0	1	0
        118043	2026-06-11 12:25:23	1	0	1	0
        110053	2026-06-11 12:26:24	1	1	1	0
        116537	2026-06-11 12:26:52	1	0	1	0
        117133	2026-06-11 12:27:40	1	0	16	0
        119602	2026-06-11 12:29:46	1	1	1	0
        117687	2026-06-11 12:29:55	1	1	1	0
        117971	2026-06-11 12:30:12	1	1	1	0
        117965	2026-06-11 12:30:21	1	1	1	0
        110423	2026-06-11 12:30:38	1	0	1	0
        117341	2026-06-11 12:30:51	1	0	1	0
        117642	2026-06-11 12:31:00	1	1	1	0
        117269	2026-06-11 12:31:26	1	0	1	0
        110053	2026-06-11 12:32:32	1	0	1	0
        117971	2026-06-11 12:33:07	1	0	1	0
        117965	2026-06-11 12:33:10	1	0	1	0
        117725	2026-06-11 12:33:48	1	0	1	0
        117700	2026-06-11 12:36:28	1	0	1	0
        110370	2026-06-11 12:37:19	1	0	1	0
        110373	2026-06-11 12:37:22	1	0	1	0
        117725	2026-06-11 12:37:31	1	0	1	0
        119475	2026-06-11 12:41:15	1	1	1	0
        118407	2026-06-11 12:42:20	1	0	1	0
        110818	2026-06-11 12:42:37	1	0	1	0
        110828	2026-06-11 12:42:43	1	0	1	0
        110820	2026-06-11 12:42:49	1	0	1	0
        119475	2026-06-11 12:44:40	1	0	1	0
        118301	2026-06-11 12:45:23	1	0	1	0
        110083	2026-06-11 12:46:33	1	0	1	0
        110018	2026-06-11 12:47:50	1	1	1	0
        117642	2026-06-11 12:49:12	1	0	1	0
        117687	2026-06-11 12:49:18	1	0	1	0
        119602	2026-06-11 12:49:36	1	0	1	0
        110018	2026-06-11 12:50:13	1	0	1	0
        110018	2026-06-11 12:50:25	1	0	1	0
        110193	2026-06-11 13:27:15	1	0	1	0
        117965	2026-06-11 17:02:02	1	1	1	0
        110819	2026-06-11 17:03:35	1	1	1	0
        110818	2026-06-11 17:04:34	1	1	1	0
        110820	2026-06-11 17:10:05	1	1	1	0
        117725	2026-06-11 17:21:15	1	1	1	0
        110370	2026-06-11 17:21:25	1	1	1	0
        117642	2026-06-11 17:42:15	1	1	1	0
        110374	2026-06-11 17:44:07	1	1	1	0
        117971	2026-06-11 17:57:24	1	1	1	0
        110817	2026-06-11 17:57:29	1	1	1	0
        110373	2026-06-11 17:58:29	1	1	1	0
        119365	2026-06-11 18:01:59	1	1	1	0
        116551	2026-06-11 18:02:04	1	1	1	0
        117133	2026-06-11 18:05:20	1	1	16	0
        116383	2026-06-11 18:05:29	1	1	1	0
        117269	2026-06-11 18:06:52	1	1	1	0
        118043	2026-06-11 18:07:21	1	1	1	0
        118301	2026-06-11 18:07:31	1	1	1	0
        110430	2026-06-11 18:09:46	1	1	1	0
        110477	2026-06-11 18:10:24	1	1	1	0
        118503	2026-06-11 18:10:32	1	1	16	0
        118503	2026-06-11 18:10:34	1	1	16	0
        110512	2026-06-11 18:22:31	1	1	1	0
        110514	2026-06-11 18:22:37	1	1	1	0
        110821	2026-06-11 18:23:00	1	1	1	0
        119475	2026-06-11 18:23:08	1	1	1	0
        118829	2026-06-11 18:34:30	1	1	1	0
        110449	2026-06-11 18:41:27	1	1	1	0
        110423	2026-06-11 18:46:56	1	1	1	0
        110828	2026-06-11 18:46:59	1	1	1	0
        110198	2026-06-11 18:51:53	1	1	16	0
        116790	2026-06-11 18:53:02	1	1	1	0
        116835	2026-06-11 18:54:17	1	1	1	0
        118584	2026-06-11 18:55:54	1	1	1	0
        117700	2026-06-11 18:56:45	1	1	1	0
        110053	2026-06-11 19:00:29	1	1	1	0
        110083	2026-06-11 19:02:12	1	1	1	0
        110018	2026-06-11 19:02:20	1	1	1	0
        110485	2026-06-11 19:02:35	1	1	16	0
        110485	2026-06-11 19:02:37	1	1	16	0
        110062	2026-06-11 19:02:41	1	1	1	0
        119602	2026-06-11 19:07:41	1	1	1	0
        116537	2026-06-11 19:08:15	1	1	1	0
        117341	2026-06-11 19:08:18	1	1	1	0
        117687	2026-06-11 19:10:13	1	1	1	0
        118407	2026-06-11 19:10:17	1	1	1	0
        110032	2026-06-11 19:29:25	1	1	1	0
        116337	2026-06-11 19:38:27	1	1	1	0
        118862	2026-06-11 19:38:30	1	1	1	0
        110430	2026-06-12 13:57:38	1	1	1	0
        110430	2026-06-12 13:57:45	1	0	1	0
        110430	2026-06-12 17:27:34	1	1	1	0
        116835	2026-06-12 17:27:40	1	1	1	0
        116835	2026-06-13 05:26:16	1	0	1	0
        116835	2026-06-15 06:11:13	1	0	1	0
        118414	2026-06-15 06:25:13	1	0	1	0
        119365	2026-06-15 06:36:07	1	0	1	0
        110512	2026-06-15 06:36:53	1	0	1	0
        110430	2026-06-15 06:43:55	1	0	1	0
        119340	2026-06-15 06:53:51	1	0	1	0
        110821	2026-06-15 06:55:54	1	0	1	0
        118301	2026-06-15 06:56:35	1	0	1	0
        116492	2026-06-15 06:56:59	1	0	1	0
        110373	2026-06-15 06:59:35	1	0	1	0
        118001	2026-06-15 06:59:40	1	0	1	0
        118043	2026-06-15 07:02:24	1	0	1	0
        117716	2026-06-15 07:05:03	1	0	1	0
        110477	2026-06-15 07:05:08	1	0	1	0
        110567	2026-06-15 07:05:13	1	0	1	0
        117642	2026-06-15 07:05:18	1	0	1	0
        118503	2026-06-15 07:06:03	1	0	16	0
        119602	2026-06-15 07:09:03	1	0	1	0
        117707	2026-06-15 07:10:41	1	0	1	0
        118509	2026-06-15 07:10:58	1	0	1	0
        110449	2026-06-15 07:11:32	1	0	1	0
        116383	2026-06-15 07:12:18	1	0	1	0
        110370	2026-06-15 07:13:08	1	0	1	0
        110485	2026-06-15 07:15:20	1	0	16	0
        110485	2026-06-15 07:15:22	1	0	16	0
        118407	2026-06-15 07:22:08	1	0	1	0
        119475	2026-06-15 07:23:05	1	0	1	0
        110393	2026-06-15 07:25:48	1	0	1	0
        116953	2026-06-15 07:29:09	1	0	1	0
        116493	2026-06-15 07:32:22	1	0	1	0
        110820	2026-06-15 07:32:50	1	0	1	0
        117971	2026-06-15 07:35:09	1	0	1	0
        118862	2026-06-15 07:36:05	1	0	1	0
        110053	2026-06-15 07:36:38	1	0	1	0
        110018	2026-06-15 07:36:57	1	0	1	0
        110828	2026-06-15 07:38:00	1	0	1	0
        110083	2026-06-15 07:39:16	1	0	1	0
        110818	2026-06-15 07:45:31	1	0	1	0
        116790	2026-06-15 07:48:40	1	0	1	0
        110374	2026-06-15 07:52:38	1	0	1	0
        118584	2026-06-15 07:54:30	1	0	1	0
        110062	2026-06-15 07:58:51	1	0	1	0
        117341	2026-06-15 07:59:16	1	0	1	0
        110200	2026-06-15 08:01:28	1	0	1	0
        118829	2026-06-15 08:01:34	1	0	1	0
        116787	2026-06-15 08:04:05	1	0	1	0
        119107	2026-06-15 08:12:06	1	0	1	0
        110183	2026-06-15 08:13:11	1	0	1	0
        117077	2026-06-15 08:21:35	1	0	16	0
        117077	2026-06-15 08:21:37	1	0	16	0
        110423	2026-06-15 08:30:54	1	0	1	0
        110818	2026-06-15 11:53:50	1	0	1	0
        118829	2026-06-15 12:00:51	1	1	1	0
        117133	2026-06-15 12:00:57	1	1	16	0
        110393	2026-06-15 12:01:14	1	1	1	0
        119602	2026-06-15 12:01:19	1	1	1	0
        116383	2026-06-15 12:01:50	1	1	1	0
        117642	2026-06-15 12:01:56	1	1	1	0
        118001	2026-06-15 12:02:03	1	1	1	0
        117716	2026-06-15 12:03:05	1	1	1	0
        117341	2026-06-15 12:03:11	1	1	1	0
        117971	2026-06-15 12:04:08	1	1	1	0
        117133	2026-06-15 12:04:54	1	1	16	0
        110477	2026-06-15 12:05:03	1	1	1	0
        118584	2026-06-15 12:05:14	1	1	1	0
        110083	2026-06-15 12:05:47	1	1	1	0
        118043	2026-06-15 12:05:54	1	1	1	0
        110423	2026-06-15 12:06:13	1	1	1	0
        119602	2026-06-15 12:06:54	1	1	1	0
        110393	2026-06-15 12:07:10	1	0	1	0
        117642	2026-06-15 12:07:12	1	0	1	0
        119602	2026-06-15 12:07:20	1	0	1	0
        118001	2026-06-15 12:07:24	1	0	1	0
        110053	2026-06-15 12:07:53	1	1	1	0
        118829	2026-06-15 12:08:05	1	0	1	0
        118503	2026-06-15 12:08:18	1	1	1	0
        117716	2026-06-15 12:09:18	1	0	1	0
        118414	2026-06-15 12:09:48	1	1	1	0
        116787	2026-06-15 12:10:28	1	0	1	0
        116383	2026-06-15 12:10:36	1	0	1	0
        116787	2026-06-15 12:10:48	1	1	1	0
        110083	2026-06-15 12:11:25	1	0	1	0
        119340	2026-06-15 12:11:32	1	1	1	0
        116790	2026-06-15 12:11:39	1	1	1	0
        118503	2026-06-15 12:11:54	1	0	1	0
        117341	2026-06-15 12:12:31	1	0	1	0
        110512	2026-06-15 12:15:18	1	1	1	0
        116493	2026-06-15 12:15:54	1	1	1	0
        110053	2026-06-15 12:16:04	1	0	1	0
        119475	2026-06-15 12:16:18	1	1	1	0
        110485	2026-06-15 12:16:32	1	1	1	0
        110820	2026-06-15 12:16:50	1	1	1	0
        110818	2026-06-15 12:16:52	1	1	1	0
        110512	2026-06-15 12:18:33	1	0	1	0
        118584	2026-06-15 12:18:40	1	0	1	0
        118862	2026-06-15 12:18:57	1	1	1	0
        116790	2026-06-15 12:19:40	1	0	1	0
        116492	2026-06-15 12:19:58	1	1	1	0
        110828	2026-06-15 12:20:02	1	1	1	0
        119475	2026-06-15 12:20:14	1	0	1	0
        116493	2026-06-15 12:20:20	1	0	1	0
        117971	2026-06-15 12:20:33	1	0	1	0
        110370	2026-06-15 12:21:19	1	1	1	0
        110373	2026-06-15 12:21:25	1	1	1	0
        119340	2026-06-15 12:22:57	1	0	1	0
        110449	2026-06-15 12:23:16	1	0	1	0
        110828	2026-06-15 12:23:28	1	0	1	0
        116492	2026-06-15 12:23:36	1	0	1	0
        116492	2026-06-15 12:23:38	1	0	16	0
        110567	2026-06-15 12:23:57	1	1	1	0
        110374	2026-06-15 12:24:04	1	1	1	0
        110485	2026-06-15 12:24:32	1	0	1	0
        118862	2026-06-15 12:24:42	1	0	1	0
        110449	2026-06-15 12:25:01	1	0	1	0
        110373	2026-06-15 12:25:05	1	0	1	0
        118407	2026-06-15 12:25:17	1	1	1	0
        118509	2026-06-15 12:25:26	1	1	1	0
        117077	2026-06-15 12:25:31	1	1	16	0
        110370	2026-06-15 12:25:40	1	0	1	0
        110567	2026-06-15 12:26:07	1	0	1	0
        110374	2026-06-15 12:26:15	1	0	1	0
        110430	2026-06-15 12:26:24	1	1	1	0
        116835	2026-06-15 12:26:29	1	1	1	0
        110821	2026-06-15 12:26:39	1	1	1	0
        119365	2026-06-15 12:27:38	1	1	1	0
        110820	2026-06-15 12:28:59	1	0	1	0
        118509	2026-06-15 12:29:07	1	0	1	0
        110477	2026-06-15 12:29:32	1	0	1	0
        118414	2026-06-15 12:29:42	1	0	1	0
        116835	2026-06-15 12:30:41	1	0	1	0
        110430	2026-06-15 12:30:46	1	0	1	0
        110821	2026-06-15 12:30:55	1	0	1	0
        118427	2026-06-15 12:31:10	1	0	16	0
        118427	2026-06-15 12:31:12	1	0	16	0
        118043	2026-06-15 12:32:58	1	0	1	0
        110018	2026-06-15 12:33:26	1	1	1	0
        116787	2026-06-15 12:34:29	1	0	1	0
        110018	2026-06-15 12:37:30	1	0	1	0
        118407	2026-06-15 12:39:35	1	0	1	0
        119365	2026-06-15 12:42:22	1	0	1	0
        117707	2026-06-15 12:48:48	1	1	1	0
        117707	2026-06-15 12:52:19	1	0	1	0
        110423	2026-06-15 12:52:32	1	0	1	0
        110818	2026-06-15 12:59:49	1	0	1	0
        117642	2026-06-15 15:55:20	1	1	1	0
        110200	2026-06-15 17:36:38	1	1	1	0
        110820	2026-06-15 17:36:45	1	1	1	0
        110818	2026-06-15 17:36:47	1	1	1	0
        119475	2026-06-15 17:37:15	1	1	1	0
        118829	2026-06-15 17:40:30	1	1	1	0
        117341	2026-06-15 17:40:41	1	1	1	0
        110423	2026-06-15 17:40:45	1	1	1	0
        116492	2026-06-15 17:40:54	1	1	1	0
        110828	2026-06-15 17:40:58	1	1	1	0
        118001	2026-06-15 17:41:04	1	1	1	0
        119340	2026-06-15 17:42:47	1	1	1	0
        110374	2026-06-15 17:45:19	1	1	1	0
        110370	2026-06-15 17:46:46	1	1	1	0
        110373	2026-06-15 17:47:00	1	1	1	0
        110567	2026-06-15 17:54:33	1	1	1	0
        110512	2026-06-15 18:00:43	1	1	1	0
        110430	2026-06-15 18:00:47	1	1	1	0
        110821	2026-06-15 18:00:51	1	1	1	0
        119365	2026-06-15 18:00:59	1	1	1	0
        118301	2026-06-15 18:02:58	1	1	16	0
        116787	2026-06-15 18:06:22	1	1	1	0
        118503	2026-06-15 18:07:50	1	1	16	0
        116790	2026-06-15 18:07:56	1	1	1	0
        110477	2026-06-15 18:08:00	1	1	1	0
        118043	2026-06-15 18:08:04	1	1	1	0
        117716	2026-06-15 18:11:42	1	1	1	0
        118509	2026-06-15 18:11:55	1	1	1	0
        117971	2026-06-15 18:13:03	1	1	1	0
        116383	2026-06-15 18:13:08	1	1	1	0
        110393	2026-06-15 18:16:28	1	1	1	0
        110018	2026-06-15 18:18:07	1	1	1	0
        110485	2026-06-15 18:19:37	1	1	1	0
        118584	2026-06-15 18:26:04	1	1	1	0
        117707	2026-06-15 18:26:40	1	1	1	0
        117133	2026-06-15 18:30:23	1	1	16	0
        110053	2026-06-15 18:36:46	1	1	1	0
        110083	2026-06-15 18:38:50	1	1	1	0
        116953	2026-06-15 18:39:31	1	1	1	0
        119602	2026-06-15 18:41:12	1	1	1	0
        118407	2026-06-15 18:41:18	1	1	1	0
        116493	2026-06-15 18:42:53	1	1	1	0
        117077	2026-06-15 18:47:41	1	1	16	0
        117077	2026-06-15 18:47:43	1	1	16	0
        116835	2026-06-15 18:51:06	1	1	1	0
        110062	2026-06-15 18:57:06	1	1	1	0
        118862	2026-06-15 18:57:14	1	1	1	0
        119386	2026-06-15 18:57:22	1	1	1	0
        110449	2026-06-15 18:57:30	1	1	1	0
        116835	2026-06-16 06:35:18	1	0	1	0
        118414	2026-06-16 06:48:41	1	0	1	0
