   110046	2026-06-01 07:01:22	1	0	3	0
   110449	2026-06-01 07:31:38	1	0	15	0
   110449	2026-06-01 07:31:40	1	0	15	0
   110541	2026-06-01 07:33:21	1	0	15	0
   110422	2026-06-01 07:36:11	1	0	15	0
   110422	2026-06-01 07:36:13	1	0	15	0
   110714	2026-06-01 07:38:44	1	0	15	0
   110714	2026-06-01 07:38:46	1	0	15	0
   110444	2026-06-01 07:39:17	1	0	15	0
   110453	2026-06-01 07:42:07	1	0	15	0
   110420	2026-06-01 07:44:01	1	0	15	0
   110420	2026-06-01 07:44:03	1	0	15	0
   116137	2026-06-01 07:44:12	1	0	15	0
   116137	2026-06-01 07:44:14	1	0	15	0
   110425	2026-06-01 07:46:52	1	0	15	0
   110425	2026-06-01 07:46:54	1	0	15	0
   110423	2026-06-01 07:47:23	1	0	15	0
   110623	2026-06-01 07:56:59	1	0	15	0
   110441	2026-06-01 08:02:12	1	0	15	0
   110439	2026-06-01 08:04:53	1	0	15	0
   117022	2026-06-01 08:20:57	1	0	15	0
   117022	2026-06-01 08:20:58	1	0	15	0
   110453	2026-06-01 12:01:57	1	0	15	0
   110623	2026-06-01 12:04:05	1	0	15	0
   110439	2026-06-01 12:05:11	1	0	15	0
   117022	2026-06-01 12:05:18	1	0	15	0
   117022	2026-06-01 12:05:20	1	0	15	0
   110541	2026-06-01 12:07:52	1	0	15	0
   116137	2026-06-01 12:08:16	1	0	15	0
   116137	2026-06-01 12:08:18	1	0	15	0
   110423	2026-06-01 12:08:27	1	0	15	0
   110441	2026-06-01 12:08:36	1	0	15	0
   110714	2026-06-01 12:09:13	1	0	15	0
   110714	2026-06-01 12:09:15	1	0	15	0
   110425	2026-06-01 12:11:18	1	0	15	0
   110425	2026-06-01 12:11:21	1	0	15	0
   110623	2026-06-01 12:12:18	1	0	15	0
   110422	2026-06-01 12:15:05	1	0	15	0
   110422	2026-06-01 12:15:07	1	0	15	0
   116137	2026-06-01 12:15:36	1	0	15	0
   116137	2026-06-01 12:15:38	1	0	15	0
   110420	2026-06-01 12:17:42	1	0	15	0
   110714	2026-06-01 12:20:06	1	0	15	0
   110714	2026-06-01 12:20:08	1	0	15	0
   110441	2026-06-01 12:21:17	1	0	15	0
   110046	2026-06-01 12:28:23	1	1	3	0
   110453	2026-06-01 12:31:19	1	1	15	0
   117022	2026-06-01 12:33:32	1	1	15	0
   110046	2026-06-01 12:39:13	1	0	3	0
   110423	2026-06-01 12:42:08	1	0	15	0
   110541	2026-06-01 12:45:16	1	0	15	0
   110439	2026-06-01 12:49:10	1	0	15	0
   110420	2026-06-01 12:49:28	1	0	15	0
   110422	2026-06-01 12:49:39	1	0	15	0
   110422	2026-06-01 12:49:41	1	0	15	0
   110425	2026-06-01 12:57:42	1	0	15	0
   110425	2026-06-01 12:57:44	1	0	15	0
   110438	2026-06-01 13:08:27	1	0	15	0
   110438	2026-06-01 13:08:29	1	0	15	0
   116453	2026-06-01 13:30:46	1	0	15	0
   116453	2026-06-01 13:30:48	1	0	15	0
   110541	2026-06-01 17:17:17	1	0	15	0
   110422	2026-06-01 17:37:52	1	0	15	0
   110422	2026-06-01 17:37:54	1	0	15	0
   110420	2026-06-01 17:38:01	1	0	15	0
   110439	2026-06-01 17:39:05	1	0	15	0
   110438	2026-06-01 17:39:09	1	0	15	0
   110438	2026-06-01 17:39:11	1	0	15	0
   110623	2026-06-01 17:50:13	1	0	15	0
   110453	2026-06-01 18:06:59	1	0	15	0
   110423	2026-06-01 18:53:40	1	0	15	0
   116137	2026-06-01 18:53:51	1	0	15	0
   116137	2026-06-01 18:53:52	1	0	15	0
   110714	2026-06-01 18:55:28	1	0	15	0
   110714	2026-06-01 18:55:30	1	0	15	0
   110441	2026-06-01 18:55:47	1	0	15	0
   110441	2026-06-01 18:55:49	1	0	15	0
   110425	2026-06-01 19:01:46	1	0	15	0
   110425	2026-06-01 19:01:48	1	0	15	0
   110449	2026-06-01 19:01:58	1	0	15	0
   110046	2026-06-02 06:39:21	1	0	3	0
   118024	2026-06-02 07:15:44	1	0	15	0
   110444	2026-06-02 07:17:55	1	0	15	0
   110453	2026-06-02 07:18:29	1	0	15	0
   110423	2026-06-02 07:32:45	1	0	15	0
   110541	2026-06-02 07:32:57	1	0	15	0
   110541	2026-06-02 07:32:59	1	0	15	0
   110441	2026-06-02 07:39:06	1	0	15	0
   110449	2026-06-02 07:41:10	1	0	15	0
   110449	2026-06-02 07:41:12	1	0	15	0
   110714	2026-06-02 07:42:52	1	0	15	0
   110714	2026-06-02 07:42:54	1	0	15	0
   110422	2026-06-02 07:52:17	1	0	15	0
   110422	2026-06-02 07:52:19	1	0	15	0
   110420	2026-06-02 08:06:06	1	0	15	0
   110420	2026-06-02 08:06:07	1	0	15	0
   110623	2026-06-02 08:07:45	1	0	15	0
   116137	2026-06-02 08:08:34	1	0	15	0
   110438	2026-06-02 08:09:15	1	0	15	0
   110438	2026-06-02 08:09:17	1	0	15	0
   117022	2026-06-02 08:14:58	1	0	15	0
   110425	2026-06-02 08:22:03	1	0	15	0
   110425	2026-06-02 08:22:05	1	0	15	0
   110439	2026-06-02 09:06:28	1	0	15	0
   110420	2026-06-02 12:01:09	1	0	15	0
   110420	2026-06-02 12:01:11	1	0	15	0
   110438	2026-06-02 12:02:34	1	0	15	0
   110422	2026-06-02 12:03:18	1	0	15	0
   110422	2026-06-02 12:03:20	1	0	15	0
   110439	2026-06-02 12:05:13	1	0	15	0
   110623	2026-06-02 12:05:58	1	0	15	0
   110441	2026-06-02 12:06:04	1	0	15	0
   118024	2026-06-02 12:06:55	1	0	15	0
   110541	2026-06-02 12:07:03	1	0	15	0
   118024	2026-06-02 12:09:19	1	0	15	0
   110423	2026-06-02 12:13:44	1	0	15	0
   110423	2026-06-02 12:13:46	1	0	15	0
   117022	2026-06-02 12:18:06	1	0	15	0
   117022	2026-06-02 12:18:08	1	0	15	0
   110714	2026-06-02 12:18:17	1	0	15	0
   110714	2026-06-02 12:18:19	1	0	15	0
   110623	2026-06-02 12:18:47	1	0	15	0
   110441	2026-06-02 12:18:52	1	0	15	0
   116137	2026-06-02 12:20:46	1	0	15	0
   116137	2026-06-02 12:20:48	1	0	15	0
   116137	2026-06-02 12:26:00	1	0	15	0
   116137	2026-06-02 12:26:02	1	0	15	0
   110425	2026-06-02 12:34:15	1	0	15	0
   110425	2026-06-02 12:34:17	1	0	15	0
   110420	2026-06-02 12:37:50	1	0	15	0
   110420	2026-06-02 12:37:52	1	0	15	0
   110422	2026-06-02 12:38:21	1	0	15	0
   110422	2026-06-02 12:38:23	1	0	15	0
   110714	2026-06-02 12:40:21	1	0	15	0
   110714	2026-06-02 12:40:23	1	0	15	0
   117022	2026-06-02 12:40:28	1	0	15	0
   117022	2026-06-02 12:40:30	1	0	15	0
   110423	2026-06-02 12:41:21	1	0	15	0
   110541	2026-06-02 12:45:54	1	0	15	0
   110425	2026-06-02 12:51:39	1	0	15	0
   110425	2026-06-02 12:51:40	1	0	15	0
   110438	2026-06-02 12:52:46	1	0	15	0
   110046	2026-06-02 12:53:26	1	1	3	0
   110046	2026-06-02 12:56:46	1	0	3	0
   110422	2026-06-02 17:05:17	1	0	15	0
   110422	2026-06-02 17:05:19	1	0	15	0
   110420	2026-06-02 17:05:30	1	0	15	0
   110541	2026-06-02 17:05:48	1	0	15	0
   110623	2026-06-02 17:11:31	1	0	15	0
   110441	2026-06-02 17:29:38	1	0	15	0
   110425	2026-06-02 17:31:25	1	0	15	0
   110425	2026-06-02 17:31:27	1	0	15	0
   110439	2026-06-02 17:50:41	1	0	15	0
   110439	2026-06-02 17:50:43	1	0	15	0
   110438	2026-06-02 17:52:16	1	0	15	0
   110438	2026-06-02 17:52:18	1	0	15	0
   110423	2026-06-02 18:47:15	1	0	15	0
   110423	2026-06-02 18:47:17	1	0	15	0
   110714	2026-06-02 18:53:50	1	0	15	0
   110714	2026-06-02 18:53:52	1	0	15	0
   116137	2026-06-02 19:01:12	1	0	15	0
   118024	2026-06-02 19:02:21	1	0	15	0
   117022	2026-06-02 19:03:04	1	0	15	0
   117022	2026-06-02 19:03:06	1	0	15	0
   110046	2026-06-02 20:02:22	1	1	3	0
   110046	2026-06-03 06:15:20	1	0	3	0
   110453	2026-06-03 07:04:46	1	0	15	0
   118024	2026-06-03 07:10:23	1	0	15	0
   110441	2026-06-03 07:14:58	1	0	15	0
   110444	2026-06-03 07:22:19	1	0	15	0
   110541	2026-06-03 07:30:43	1	0	15	0
   110422	2026-06-03 07:36:30	1	0	15	0
   110422	2026-06-03 07:36:32	1	0	15	0
   110449	2026-06-03 07:37:47	1	0	15	0
   110449	2026-06-03 07:37:49	1	0	15	0
   110423	2026-06-03 07:47:32	1	0	15	0
   110423	2026-06-03 07:47:34	1	0	15	0
   118598	2026-06-03 07:49:10	1	0	15	0
   110455	2026-06-03 07:50:27	1	0	15	0
   110425	2026-06-03 07:54:31	1	0	15	0
   110425	2026-06-03 07:54:33	1	0	15	0
   110623	2026-06-03 07:57:12	1	0	15	0
   116137	2026-06-03 08:11:45	1	0	15	0
   116137	2026-06-03 08:11:47	1	0	15	0
   110438	2026-06-03 08:12:58	1	0	15	0
   117022	2026-06-03 08:16:26	1	0	15	0
   110439	2026-06-03 08:37:21	1	0	15	0
   116453	2026-06-03 09:00:17	1	0	15	0
   116453	2026-06-03 09:00:19	1	0	15	0
   110623	2026-06-03 12:03:47	1	0	15	0
   110441	2026-06-03 12:03:52	1	0	15	0
   110439	2026-06-03 12:05:24	1	0	15	0
   118024	2026-06-03 12:05:55	1	0	15	0
   110423	2026-06-03 12:06:48	1	0	15	0
   110423	2026-06-03 12:06:50	1	0	15	0
   118024	2026-06-03 12:07:34	1	0	15	0
   110422	2026-06-03 12:07:43	1	0	15	0
   110422	2026-06-03 12:07:45	1	0	15	0
   110623	2026-06-03 12:13:48	1	0	15	0
   110541	2026-06-03 12:15:47	1	0	15	0
   110438	2026-06-03 12:24:15	1	0	15	0
   110438	2026-06-03 12:24:17	1	0	15	0
   110425	2026-06-03 12:27:49	1	0	15	0
   110425	2026-06-03 12:27:51	1	0	15	0
   110425	2026-06-03 12:27:53	1	0	15	0
   110541	2026-06-03 12:34:13	1	0	15	0
   116137	2026-06-03 12:34:56	1	0	15	0
   118598	2026-06-03 12:35:02	1	0	15	0
   117022	2026-06-03 12:35:53	1	0	15	0
   117022	2026-06-03 12:35:55	1	0	15	0
   110714	2026-06-03 12:38:20	1	0	15	0
   110714	2026-06-03 12:38:22	1	0	15	0
   116453	2026-06-03 12:40:52	1	0	15	0
   116453	2026-06-03 12:40:54	1	0	15	0
   110422	2026-06-03 12:41:14	1	0	15	0
   110422	2026-06-03 12:41:16	1	0	15	0
   110423	2026-06-03 12:41:31	1	0	15	0
   110425	2026-06-03 12:41:38	1	0	15	0
   110425	2026-06-03 12:41:40	1	0	15	0
   110439	2026-06-03 12:42:15	1	0	15	0
   118598	2026-06-03 12:42:50	1	0	15	0
   116453	2026-06-03 12:43:34	1	0	15	0
   116137	2026-06-03 12:44:19	1	0	15	0
   110438	2026-06-03 12:45:05	1	0	15	0
   110046	2026-06-03 12:46:14	1	1	3	0
   116137	2026-06-03 12:48:17	1	1	15	0
   116137	2026-06-03 12:48:18	1	1	15	0
   110046	2026-06-03 12:50:18	1	0	3	0
   117022	2026-06-03 12:50:24	1	0	15	0
   117022	2026-06-03 12:50:26	1	0	15	0
   110441	2026-06-03 12:52:27	1	0	15	0
   110623	2026-06-03 17:07:00	1	0	15	0
   110422	2026-06-03 17:09:34	1	0	15	0
   110422	2026-06-03 17:09:36	1	0	15	0
   110541	2026-06-03 17:09:42	1	0	15	0
   110425	2026-06-03 17:29:12	1	0	15	0
   110425	2026-06-03 17:29:14	1	0	15	0
   110438	2026-06-03 17:34:37	1	0	15	0
   110438	2026-06-03 17:34:38	1	0	15	0
   110439	2026-06-03 17:34:43	1	0	15	0
   110046	2026-06-03 17:42:52	1	1	3	0
   110441	2026-06-03 18:38:19	1	1	15	0
   110423	2026-06-03 18:48:09	1	1	15	0
   116137	2026-06-03 19:04:43	1	1	15	0
   118024	2026-06-03 19:06:29	1	1	15	0
   117022	2026-06-03 19:06:35	1	1	15	0
   117022	2026-06-03 19:06:37	1	1	15	0
   110714	2026-06-03 19:06:42	1	1	15	0
   110714	2026-06-03 19:06:44	1	1	15	0
   118598	2026-06-03 19:08:16	1	1	15	0
   110046	2026-06-04 06:42:52	1	0	3	0
   110453	2026-06-04 07:07:16	1	0	15	0
   118024	2026-06-04 07:15:38	1	0	15	0
   110441	2026-06-04 07:18:37	1	0	15	0
   110449	2026-06-04 07:25:07	1	0	15	0
   117099	2026-06-04 07:31:57	1	0	15	0
   110541	2026-06-04 07:35:55	1	0	15	0
   110425	2026-06-04 07:42:51	1	0	15	0
   110425	2026-06-04 07:42:53	1	0	15	0
   110714	2026-06-04 07:43:39	1	0	15	0
   110714	2026-06-04 07:43:41	1	0	15	0
   110444	2026-06-04 07:47:48	1	0	15	0
   110423	2026-06-04 07:52:49	1	0	15	0
   110423	2026-06-04 07:52:51	1	0	15	0
   118598	2026-06-04 07:59:12	1	0	15	0
   118598	2026-06-04 07:59:14	1	0	15	0
   110623	2026-06-04 07:59:28	1	0	15	0
   110422	2026-06-04 08:01:51	1	0	15	0
   110422	2026-06-04 08:01:53	1	0	15	0
   116137	2026-06-04 08:15:57	1	0	15	0
   110438	2026-06-04 08:19:23	1	0	15	0
   110438	2026-06-04 08:19:25	1	0	15	0
   117022	2026-06-04 08:33:43	1	0	15	0
   117022	2026-06-04 08:33:45	1	0	15	0
   110439	2026-06-04 09:02:42	1	0	15	0
   116453	2026-06-04 09:18:33	1	0	15	0
   118024	2026-06-04 12:03:37	1	0	15	0
   110423	2026-06-04 12:03:51	1	0	15	0
   110423	2026-06-04 12:03:53	1	0	15	0
   110439	2026-06-04 12:04:21	1	0	15	0
   110438	2026-06-04 12:05:02	1	0	15	0
   110438	2026-06-04 12:05:03	1	0	15	0
   118024	2026-06-04 12:05:07	1	0	15	0
   110422	2026-06-04 12:05:25	1	0	15	0
   110422	2026-06-04 12:05:27	1	0	15	0
   110441	2026-06-04 12:17:02	1	0	15	0
   110541	2026-06-04 12:17:16	1	0	15	0
   118598	2026-06-04 12:17:50	1	0	15	0
   118598	2026-06-04 12:17:52	1	0	15	0
   110714	2026-06-04 12:17:56	1	0	15	0
   110714	2026-06-04 12:17:58	1	0	15	0
   116137	2026-06-04 12:18:02	1	0	15	0
   116137	2026-06-04 12:18:04	1	0	15	0
   117099	2026-06-04 12:18:09	1	0	15	0
   116453	2026-06-04 12:18:14	1	0	15	0
   117022	2026-06-04 12:18:20	1	0	15	0
   117022	2026-06-04 12:18:22	1	0	15	0
   110623	2026-06-04 12:20:57	1	0	15	0
   116453	2026-06-04 12:22:27	1	0	15	0
   118598	2026-06-04 12:22:47	1	0	15	0
   116137	2026-06-04 12:24:48	1	0	15	0
   116137	2026-06-04 12:24:49	1	0	15	0
   110714	2026-06-04 12:24:59	1	0	15	0
   110714	2026-06-04 12:25:01	1	0	15	0
   110441	2026-06-04 12:28:32	1	0	15	0
   110425	2026-06-04 12:29:04	1	0	15	0
   110425	2026-06-04 12:29:06	1	0	15	0
   117099	2026-06-04 12:30:51	1	0	15	0
   110046	2026-06-04 12:35:13	1	1	3	0
   110425	2026-06-04 12:36:50	1	1	15	0
   110425	2026-06-04 12:36:52	1	1	15	0
   110423	2026-06-04 12:42:15	1	1	15	0
   117022	2026-06-04 12:42:24	1	1	15	0
   117022	2026-06-04 12:42:28	1	1	15	0
   117022	2026-06-04 12:42:30	1	1	15	0
   110046	2026-06-04 12:43:33	1	1	3	0
   110541	2026-06-04 12:49:03	1	1	15	0
   110541	2026-06-04 12:49:05	1	1	15	0
   110438	2026-06-04 12:52:29	1	1	15	0
   110439	2026-06-04 12:52:33	1	1	15	0
   110422	2026-06-04 12:58:47	1	1	15	0
   110422	2026-06-04 12:58:49	1	1	15	0
   110541	2026-06-04 17:09:12	1	1	15	0
   110422	2026-06-04 17:09:23	1	1	15	0
   110422	2026-06-04 17:09:25	1	1	15	0
   110425	2026-06-04 17:11:53	1	1	15	0
   110425	2026-06-04 17:11:55	1	1	15	0
   110441	2026-06-04 17:18:56	1	1	15	0
   110441	2026-06-04 17:18:58	1	1	15	0
   110046	2026-06-04 18:06:12	1	1	3	0
   110439	2026-06-04 18:20:04	1	1	15	0
   110438	2026-06-04 18:20:21	1	1	15	0
   110438	2026-06-04 18:20:23	1	1	15	0
   117099	2026-06-04 18:44:52	1	1	15	0
   117099	2026-06-04 18:44:53	1	1	15	0
   110423	2026-06-04 18:54:48	1	1	15	0
   110423	2026-06-04 18:54:50	1	1	15	0
   117022	2026-06-04 19:00:59	1	1	15	0
   117022	2026-06-04 19:01:01	1	1	15	0
   117022	2026-06-04 19:01:03	1	1	15	0
   118024	2026-06-04 19:01:06	1	1	15	0
   110714	2026-06-04 19:01:11	1	1	15	0
   110714	2026-06-04 19:01:13	1	1	15	0
   116453	2026-06-04 19:04:40	1	1	15	0
   118598	2026-06-04 19:05:46	1	1	15	0
   118598	2026-06-04 19:05:48	1	1	15	0
   116137	2026-06-04 19:19:10	1	1	15	0
   110046	2026-06-05 06:55:56	1	0	3	0
   110453	2026-06-05 07:11:57	1	0	15	0
   110449	2026-06-05 07:23:30	1	0	15	0
   110449	2026-06-05 07:23:32	1	0	15	0
   110444	2026-06-05 07:36:09	1	0	15	0
   110422	2026-06-05 07:38:01	1	0	15	0
   110422	2026-06-05 07:38:03	1	0	15	0
   110425	2026-06-05 07:41:21	1	0	15	0
   110425	2026-06-05 07:41:23	1	0	15	0
   110441	2026-06-05 08:02:44	1	0	15	0
   110439	2026-06-05 08:21:27	1	0	15	0
   110623	2026-06-05 08:25:19	1	0	15	0
   110438	2026-06-05 08:43:29	1	0	15	0
   110623	2026-06-05 12:01:50	1	0	15	0
   110422	2026-06-05 12:03:03	1	0	15	0
   110422	2026-06-05 12:03:05	1	0	15	0
   110439	2026-06-05 12:06:33	1	0	15	0
   110439	2026-06-05 12:06:34	1	0	15	0
   110438	2026-06-05 12:06:57	1	0	15	0
   110438	2026-06-05 12:06:59	1	0	15	0
   110623	2026-06-05 12:11:14	1	0	15	0
   110541	2026-06-05 12:17:26	1	0	15	0
   110422	2026-06-05 12:24:33	1	0	15	0
   110422	2026-06-05 12:24:35	1	0	15	0
   110425	2026-06-05 12:27:26	1	0	15	0
   110425	2026-06-05 12:27:28	1	0	15	0
   110541	2026-06-05 12:33:41	1	0	15	0
   110046	2026-06-05 12:38:31	1	1	3	0
   110425	2026-06-05 12:40:19	1	1	15	0
   110425	2026-06-05 12:40:21	1	1	15	0
   110441	2026-06-05 12:43:04	1	1	15	0
   110441	2026-06-05 12:53:21	1	1	15	0
   110439	2026-06-05 12:57:14	1	1	15	0
   110438	2026-06-05 12:59:59	1	1	15	0
   110438	2026-06-05 13:00:01	1	1	15	0
   110441	2026-06-05 17:04:28	1	1	15	0
   110623	2026-06-05 17:05:30	1	1	15	0
   110541	2026-06-05 17:09:05	1	1	15	0
   110422	2026-06-05 17:10:14	1	1	15	0
   110422	2026-06-05 17:10:16	1	1	15	0
   110438	2026-06-05 17:22:56	1	1	15	0
   110438	2026-06-05 17:22:58	1	1	15	0
   110439	2026-06-05 17:23:04	1	1	15	0
   110425	2026-06-05 17:31:12	1	1	15	0
   110425	2026-06-05 17:31:14	1	1	15	0
   110046	2026-06-05 17:56:15	1	1	3	0
   110046	2026-06-06 06:43:00	1	0	3	0
   110422	2026-06-06 06:53:55	1	0	15	0
   110422	2026-06-06 06:53:57	1	0	15	0
   110439	2026-06-06 06:56:56	1	0	15	0
   110438	2026-06-06 06:58:01	1	0	15	0
   110438	2026-06-06 06:58:03	1	0	15	0
   110453	2026-06-06 07:50:44	1	0	15	0
   110449	2026-06-06 07:53:26	1	0	15	0
   110449	2026-06-06 07:53:28	1	0	15	0
   110453	2026-06-06 12:03:55	1	0	15	0
   110422	2026-06-06 12:08:54	1	0	15	0
   110422	2026-06-06 12:08:56	1	0	15	0
   110439	2026-06-06 12:09:01	1	0	15	0
   110438	2026-06-06 12:09:58	1	0	15	0
   110449	2026-06-06 12:11:22	1	0	15	0
   110449	2026-06-06 12:11:23	1	0	15	0
   110046	2026-06-06 12:12:32	1	1	3	0
   110453	2026-06-06 12:23:02	1	1	15	0
   110422	2026-06-06 12:26:52	1	1	15	0
   110422	2026-06-06 12:26:54	1	1	15	0
   110438	2026-06-06 12:27:32	1	1	15	0
   110438	2026-06-06 12:27:34	1	1	15	0
   110449	2026-06-06 12:31:36	1	1	15	0
   110449	2026-06-06 12:31:38	1	1	15	0
   110439	2026-06-06 12:56:10	1	1	15	0
   110449	2026-06-06 17:02:19	1	1	15	0
   110449	2026-06-06 17:02:21	1	1	15	0
   110422	2026-06-06 17:02:26	1	1	15	0
   110422	2026-06-06 17:02:28	1	1	15	0
   110438	2026-06-06 17:05:51	1	1	15	0
   110438	2026-06-06 17:05:53	1	1	15	0
   110439	2026-06-06 17:06:05	1	1	15	0
   110453	2026-06-06 17:08:25	1	1	15	0
   116453	2026-06-08 04:48:29	1	1	15	0
   110046	2026-06-08 06:53:42	1	0	3	0
   110422	2026-06-08 07:19:29	1	0	15	0
   110422	2026-06-08 07:19:31	1	0	15	0
   110541	2026-06-08 07:33:39	1	0	15	0
   110425	2026-06-08 08:09:00	1	0	15	0
   110425	2026-06-08 08:09:01	1	0	15	0
   110453	2026-06-08 08:15:28	1	0	15	0
   110453	2026-06-08 08:15:30	1	0	15	0
   110438	2026-06-08 08:29:18	1	0	15	0
   110439	2026-06-08 08:41:33	1	0	15	0
   110046	2026-06-09 06:39:10	1	0	3	0
   110422	2026-06-09 07:05:03	1	0	15	0
   110422	2026-06-09 07:05:05	1	0	15	0
   118024	2026-06-09 07:05:36	1	0	15	0
   110541	2026-06-09 07:27:51	1	0	15	0
   110455	2026-06-09 07:37:59	1	0	15	0
   110423	2026-06-09 07:42:36	1	0	15	0
   110329	2026-06-09 07:44:18	1	0	15	0
   110714	2026-06-09 07:46:11	1	0	15	0
   110714	2026-06-09 07:46:12	1	0	15	0
   116137	2026-06-09 07:47:36	1	0	15	0
   110623	2026-06-09 07:48:25	1	0	15	0
   110441	2026-06-09 07:51:42	1	0	15	0
   110420	2026-06-09 07:56:16	1	0	15	0
   110449	2026-06-09 07:58:24	1	0	15	0
   110444	2026-06-09 07:59:40	1	0	15	0
   110453	2026-06-09 08:01:27	1	0	15	0
   117022	2026-06-09 08:17:00	1	0	15	0
   110425	2026-06-09 08:20:52	1	0	15	0
   110425	2026-06-09 08:20:54	1	0	15	0
   110439	2026-06-09 08:44:23	1	0	15	0
   110623	2026-06-09 12:01:44	1	0	15	0
   110453	2026-06-09 12:02:45	1	0	15	0
   110444	2026-06-09 12:03:06	1	0	15	0
   110422	2026-06-09 12:03:32	1	0	15	0
   110422	2026-06-09 12:03:34	1	0	15	0
   110423	2026-06-09 12:03:45	1	0	15	0
   110420	2026-06-09 12:04:06	1	0	15	0
   110441	2026-06-09 12:05:02	1	0	15	0
   110439	2026-06-09 12:08:05	1	0	15	0
   110439	2026-06-09 12:08:07	1	0	15	0
   110541	2026-06-09 12:08:11	1	0	15	0
   110623	2026-06-09 12:09:09	1	0	15	0
   110441	2026-06-09 12:12:28	1	0	15	0
   110444	2026-06-09 12:14:55	1	0	15	0
   110423	2026-06-09 12:15:04	1	0	15	0
   110455	2026-06-09 12:18:28	1	0	15	0
   110046	2026-06-09 12:19:23	1	1	3	0
   110425	2026-06-09 12:20:17	1	1	15	0
   110425	2026-06-09 12:20:19	1	1	15	0
   116137	2026-06-09 12:24:00	1	1	15	0
   116137	2026-06-09 12:24:02	1	1	15	0
   110422	2026-06-09 12:26:22	1	1	15	0
   110420	2026-06-09 12:26:30	1	1	15	0
   110541	2026-06-09 12:31:10	1	1	15	0
   110455	2026-06-09 12:32:02	1	1	15	0
   110046	2026-06-09 12:33:18	1	0	3	0
   116137	2026-06-09 12:33:49	1	0	15	0
   110449	2026-06-09 12:35:33	1	0	15	0
   110425	2026-06-09 12:35:43	1	0	15	0
   110425	2026-06-09 12:35:45	1	0	15	0
   110425	2026-06-09 12:35:47	1	0	15	0
   118024	2026-06-09 12:38:15	1	0	15	0
   117022	2026-06-09 12:38:19	1	0	15	0
   110714	2026-06-09 12:38:28	1	0	15	0
   110714	2026-06-09 12:38:30	1	0	15	0
   110439	2026-06-09 12:39:12	1	0	15	0
   110449	2026-06-09 12:40:31	1	0	15	0
   110449	2026-06-09 12:40:33	1	0	15	0
   118024	2026-06-09 12:55:49	1	0	15	0
   110714	2026-06-09 12:55:57	1	0	15	0
   110714	2026-06-09 12:55:58	1	0	15	0
   117022	2026-06-09 12:56:07	1	0	15	0
   117022	2026-06-09 12:56:09	1	0	15	0
   110453	2026-06-09 12:59:32	1	0	15	0
   110453	2026-06-09 12:59:34	1	0	15	0
   110623	2026-06-09 17:06:55	1	0	15	0
   110623	2026-06-09 17:06:57	1	0	15	0
   110444	2026-06-09 17:08:01	1	0	15	0
   110455	2026-06-09 17:12:21	1	0	15	0
   110541	2026-06-09 17:15:35	1	0	15	0
   110422	2026-06-09 17:17:00	1	0	15	0
   110422	2026-06-09 17:17:02	1	0	15	0
   110420	2026-06-09 17:17:07	1	0	15	0
   110425	2026-06-09 17:22:40	1	0	15	0
   110425	2026-06-09 17:22:42	1	0	15	0
   110439	2026-06-09 17:26:17	1	0	15	0
   110453	2026-06-09 17:28:42	1	0	15	0
   110046	2026-06-09 17:39:11	1	1	3	0
   110441	2026-06-09 17:47:59	1	1	15	0
   117022	2026-06-09 19:09:26	1	1	15	0
   117022	2026-06-09 19:09:28	1	1	15	0
   118024	2026-06-09 19:09:34	1	1	15	0
   110714	2026-06-09 19:09:39	1	1	15	0
   110714	2026-06-09 19:09:41	1	1	15	0
   110046	2026-06-10 06:55:10	1	0	3	0
   117022	2026-06-10 07:13:45	1	0	15	0
   117022	2026-06-10 07:13:47	1	0	15	0
   110422	2026-06-10 07:15:51	1	0	15	0
   110422	2026-06-10 07:15:53	1	0	15	0
   110714	2026-06-10 07:24:54	1	0	15	0
   110714	2026-06-10 07:24:56	1	0	15	0
   110423	2026-06-10 07:30:59	1	0	15	0
   110541	2026-06-10 07:35:40	1	0	15	0
   110441	2026-06-10 07:38:54	1	0	15	0
   118598	2026-06-10 07:40:14	1	0	15	0
   110444	2026-06-10 07:45:47	1	0	15	0
   116453	2026-06-10 07:50:00	1	0	15	0
   110425	2026-06-10 07:51:38	1	0	15	0
   118024	2026-06-10 07:54:56	1	0	15	0
   117099	2026-06-10 07:58:59	1	0	15	0
   110420	2026-06-10 08:01:55	1	0	15	0
   116137	2026-06-10 08:14:05	1	0	15	0
   110455	2026-06-10 08:14:49	1	0	15	0
   110623	2026-06-10 08:17:25	1	0	15	0
   110438	2026-06-10 08:46:54	1	0	15	0
   110444	2026-06-10 12:01:34	1	0	15	0
   110438	2026-06-10 12:01:43	1	0	15	0
   110623	2026-06-10 12:01:49	1	0	15	0
   110422	2026-06-10 12:02:28	1	0	15	0
   110422	2026-06-10 12:02:30	1	0	15	0
   110441	2026-06-10 12:02:40	1	0	15	0
   110425	2026-06-10 12:03:03	1	0	15	0
   110541	2026-06-10 12:03:08	1	0	15	0
   118024	2026-06-10 12:04:28	1	0	15	0
   110455	2026-06-10 12:05:16	1	0	15	0
   118024	2026-06-10 12:06:12	1	0	15	0
   110441	2026-06-10 12:06:31	1	0	15	0
   110623	2026-06-10 12:06:38	1	0	15	0
   110444	2026-06-10 12:06:43	1	0	15	0
   110420	2026-06-10 12:06:57	1	0	15	0
   116137	2026-06-10 12:13:34	1	0	15	0
   117099	2026-06-10 12:14:03	1	0	15	0
   110714	2026-06-10 12:14:08	1	0	15	0
   110714	2026-06-10 12:14:10	1	0	15	0
   110046	2026-06-10 12:15:11	1	1	3	0
   117022	2026-06-10 12:18:02	1	1	15	0
   117022	2026-06-10 12:18:04	1	1	15	0
   116453	2026-06-10 12:18:16	1	1	15	0
   110425	2026-06-10 12:21:52	1	1	15	0
   110423	2026-06-10 12:23:01	1	1	15	0
   110423	2026-06-10 12:23:03	1	1	15	0
   116453	2026-06-10 12:26:49	1	1	15	0
   117022	2026-06-10 12:26:58	1	1	15	0
   117022	2026-06-10 12:27:00	1	1	15	0
   117022	2026-06-10 12:27:02	1	1	15	0
   110455	2026-06-10 12:27:26	1	1	15	0
   118598	2026-06-10 12:28:42	1	1	15	0
   110422	2026-06-10 12:30:31	1	1	15	0
   110422	2026-06-10 12:30:33	1	1	15	0
   110714	2026-06-10 12:36:34	1	1	15	0
   110714	2026-06-10 12:36:35	1	1	15	0
   110046	2026-06-10 12:36:53	1	0	3	0
   118598	2026-06-10 12:40:41	1	0	15	0
   110423	2026-06-10 12:42:21	1	0	15	0
   116137	2026-06-10 12:44:59	1	0	15	0
   116137	2026-06-10 12:45:01	1	0	15	0
   110541	2026-06-10 12:45:11	1	0	15	0
   117099	2026-06-10 12:45:17	1	0	15	0
   110438	2026-06-10 12:47:21	1	0	15	0
   110438	2026-06-10 12:47:22	1	0	15	0
   110420	2026-06-10 12:47:44	1	0	15	0
   110439	2026-06-10 13:17:23	1	0	15	0
   110455	2026-06-10 17:04:38	1	0	15	0
   110541	2026-06-10 17:06:53	1	0	15	0
   110444	2026-06-10 17:07:00	1	0	15	0
   110422	2026-06-10 17:10:49	1	0	15	0
   110422	2026-06-10 17:10:51	1	0	15	0
   110420	2026-06-10 17:11:12	1	0	15	0
   110623	2026-06-10 17:16:43	1	0	15	0
   110046	2026-06-10 17:18:41	1	1	3	0
   110441	2026-06-10 17:39:31	1	1	15	0
   110425	2026-06-10 17:51:23	1	1	15	0
   110425	2026-06-10 17:51:25	1	1	15	0
   110438	2026-06-10 17:51:31	1	1	15	0
   110439	2026-06-10 17:51:37	1	1	15	0
   110423	2026-06-10 18:37:06	1	1	15	0
   116453	2026-06-10 18:50:55	1	1	15	0
   110714	2026-06-10 19:13:06	1	1	15	0
   110714	2026-06-10 19:13:08	1	1	15	0
   117022	2026-06-10 19:13:18	1	1	15	0
   117022	2026-06-10 19:13:20	1	1	15	0
   118024	2026-06-10 19:13:55	1	1	15	0
   117099	2026-06-10 19:14:47	1	1	15	0
   117099	2026-06-10 19:14:49	1	1	15	0
   118598	2026-06-10 19:26:31	1	1	15	0
   116137	2026-06-10 19:28:36	1	1	15	0
   116137	2026-06-10 19:28:38	1	1	15	0
   110046	2026-06-11 07:04:07	1	0	3	0
   118024	2026-06-11 07:07:12	1	0	15	0
   118598	2026-06-11 07:15:20	1	0	15	0
   117099	2026-06-11 07:16:31	1	0	15	0
   110422	2026-06-11 07:32:32	1	0	15	0
   110422	2026-06-11 07:32:34	1	0	15	0
   118024	2026-06-11 07:33:57	1	0	15	0
   110541	2026-06-11 07:37:54	1	0	15	0
   110441	2026-06-11 07:39:53	1	0	15	0
   110420	2026-06-11 07:41:49	1	0	15	0
   110420	2026-06-11 07:41:51	1	0	15	0
   110444	2026-06-11 07:47:33	1	0	15	0
   110714	2026-06-11 07:49:04	1	0	15	0
   110714	2026-06-11 07:49:06	1	0	15	0
   117022	2026-06-11 07:51:24	1	0	15	0
   117022	2026-06-11 07:51:25	1	0	15	0
   110623	2026-06-11 07:56:30	1	0	15	0
   110329	2026-06-11 07:56:50	1	0	15	0
   110453	2026-06-11 08:02:08	1	0	15	0
   116137	2026-06-11 08:05:49	1	0	15	0
   116453	2026-06-11 08:12:10	1	0	15	0
   110425	2026-06-11 08:23:08	1	0	15	0
   110425	2026-06-11 08:23:10	1	0	15	0
   110438	2026-06-11 08:43:26	1	0	15	0
   110438	2026-06-11 08:43:28	1	0	15	0
   110439	2026-06-11 08:56:11	1	0	15	0
   116453	2026-06-11 12:00:10	1	0	15	0
   116453	2026-06-11 12:00:12	1	0	15	0
   110453	2026-06-11 12:02:19	1	0	15	0
   110453	2026-06-11 12:02:22	1	0	15	0
   110623	2026-06-11 12:02:27	1	0	15	0
   110444	2026-06-11 12:02:35	1	0	15	0
   110420	2026-06-11 12:03:16	1	0	15	0
   110422	2026-06-11 12:03:22	1	0	15	0
   110425	2026-06-11 12:04:21	1	0	15	0
   110425	2026-06-11 12:04:23	1	0	15	0
   110046	2026-06-11 12:05:43	1	1	3	0
   110438	2026-06-11 12:05:51	1	1	15	0
   110439	2026-06-11 12:05:57	1	1	15	0
   110541	2026-06-11 12:06:29	1	1	15	0
   110444	2026-06-11 12:08:10	1	1	15	0
   110623	2026-06-11 12:08:18	1	1	15	0
   110420	2026-06-11 12:10:06	1	1	15	0
   110422	2026-06-11 12:12:43	1	1	15	0
   110422	2026-06-11 12:12:44	1	1	15	0
   116137	2026-06-11 12:15:30	1	1	15	0
   116137	2026-06-11 12:15:32	1	1	15	0
   117099	2026-06-11 12:15:35	1	1	15	0
   110714	2026-06-11 12:15:39	1	1	15	0
   110714	2026-06-11 12:15:41	1	1	15	0
   110046	2026-06-11 12:17:11	1	0	3	0
   110453	2026-06-11 12:20:45	1	0	15	0
   110441	2026-06-11 12:24:10	1	0	15	0
   110541	2026-06-11 12:25:29	1	0	15	0
   110425	2026-06-11 12:25:35	1	0	15	0
   110425	2026-06-11 12:25:37	1	0	15	0
   117022	2026-06-11 12:27:57	1	0	15	0
   116453	2026-06-11 12:28:33	1	0	15	0
   118598	2026-06-11 12:29:19	1	0	15	0
   118024	2026-06-11 12:29:23	1	0	15	0
   110714	2026-06-11 12:32:41	1	0	15	0
   110714	2026-06-11 12:32:43	1	0	15	0
   118598	2026-06-11 12:34:58	1	0	15	0
   118598	2026-06-11 12:35:00	1	0	15	0
   110441	2026-06-11 12:41:53	1	0	15	0
   116137	2026-06-11 12:48:49	1	0	15	0
   117099	2026-06-11 12:52:29	1	0	15	0
   110438	2026-06-11 12:54:37	1	0	15	0
   110438	2026-06-11 12:54:39	1	0	15	0
   110439	2026-06-11 12:54:42	1	0	15	0
   117022	2026-06-11 12:55:03	1	0	15	0
   117022	2026-06-11 12:55:05	1	0	15	0
   117022	2026-06-11 12:57:42	1	0	15	0
   118024	2026-06-11 13:02:25	1	0	15	0
   116137	2026-06-11 15:30:17	1	0	15	0
   110444	2026-06-11 17:06:36	1	0	15	0
   110623	2026-06-11 17:07:52	1	0	15	0
   110623	2026-06-11 17:07:54	1	0	15	0
   110541	2026-06-11 17:10:19	1	0	15	0
   110422	2026-06-11 17:15:04	1	0	15	0
   110420	2026-06-11 17:15:11	1	0	15	0
   110046	2026-06-11 17:35:28	1	1	3	0
   110439	2026-06-11 17:49:08	1	1	15	0
   110439	2026-06-11 17:49:10	1	1	15	0
   110438	2026-06-11 17:49:12	1	1	15	0
   110438	2026-06-11 17:49:14	1	1	15	0
   110425	2026-06-11 17:59:34	1	1	15	0
   110425	2026-06-11 17:59:36	1	1	15	0
   118598	2026-06-11 18:29:09	1	1	15	0
   118598	2026-06-11 18:29:11	1	1	15	0
   117099	2026-06-11 18:36:02	1	1	15	0
   110714	2026-06-11 19:03:12	1	1	15	0
   110714	2026-06-11 19:03:14	1	1	15	0
   117022	2026-06-11 19:17:35	1	1	15	0
   118024	2026-06-11 19:19:05	1	1	15	0
   116453	2026-06-11 19:23:34	1	1	15	0
   110046	2026-06-15 06:51:52	1	0	3	0
   118024	2026-06-15 07:19:15	1	0	15	0
   110541	2026-06-15 07:29:08	1	0	15	0
   116137	2026-06-15 07:36:28	1	0	15	0
   118598	2026-06-15 07:41:27	1	0	15	0
   117099	2026-06-15 07:42:20	1	0	15	0
   110444	2026-06-15 07:42:42	1	0	15	0
   110714	2026-06-15 07:46:31	1	0	15	0
   110714	2026-06-15 07:46:33	1	0	15	0
   117022	2026-06-15 07:47:08	1	0	15	0
   110420	2026-06-15 07:48:14	1	0	15	0
   117022	2026-06-15 07:49:32	1	0	15	0
   110453	2026-06-15 07:51:38	1	0	15	0
   110455	2026-06-15 07:53:51	1	0	15	0
   110425	2026-06-15 07:55:18	1	0	15	0
   110425	2026-06-15 07:55:20	1	0	15	0
   110438	2026-06-15 08:15:26	1	0	15	0
   110438	2026-06-15 08:15:28	1	0	15	0
   116453	2026-06-15 08:18:38	1	0	15	0
   110444	2026-06-15 12:02:26	1	0	15	0
   110455	2026-06-15 12:02:30	1	0	15	0
   110425	2026-06-15 12:03:02	1	0	15	0
   110425	2026-06-15 12:03:03	1	0	15	0
   110453	2026-06-15 12:03:27	1	0	15	0
   110438	2026-06-15 12:06:20	1	0	15	0
   110444	2026-06-15 12:07:13	1	0	15	0
   118024	2026-06-15 12:07:35	1	0	15	0
   110420	2026-06-15 12:09:38	1	0	15	0
   110455	2026-06-15 12:12:55	1	0	15	0
   110541	2026-06-15 12:14:43	1	0	15	0
   110046	2026-06-15 12:15:02	1	1	3	0
   117099	2026-06-15 12:18:18	1	1	15	0
   117099	2026-06-15 12:18:20	1	1	15	0
   116453	2026-06-15 12:18:52	1	1	15	0
   117022	2026-06-15 12:18:57	1	1	15	0
   110714	2026-06-15 12:20:18	1	1	15	0
   110714	2026-06-15 12:20:20	1	1	15	0
   110046	2026-06-15 12:20:59	1	0	3	0
   116137	2026-06-15 12:21:07	1	0	15	0
   117099	2026-06-15 12:21:31	1	0	15	0
   110425	2026-06-15 12:23:01	1	0	15	0
   110714	2026-06-15 12:25:04	1	0	15	0
   110714	2026-06-15 12:25:06	1	0	15	0
   116453	2026-06-15 12:25:18	1	0	15	0
   116453	2026-06-15 12:25:20	1	0	15	0
   117022	2026-06-15 12:27:52	1	0	15	0
   117022	2026-06-15 12:27:54	1	0	15	0
   117022	2026-06-15 12:27:56	1	0	15	0
   118598	2026-06-15 12:31:09	1	0	15	0
   110438	2026-06-15 12:34:22	1	0	15	0
   110438	2026-06-15 12:34:23	1	0	15	0
   110420	2026-06-15 12:37:06	1	0	15	0
   118598	2026-06-15 12:43:20	1	0	15	0
   116137	2026-06-15 12:47:59	1	0	15	0
   116137	2026-06-15 12:48:01	1	0	15	0
   110541	2026-06-15 12:48:23	1	0	15	0
   118024	2026-06-15 12:55:23	1	0	15	0
   110453	2026-06-15 12:57:23	1	0	15	0
   110439	2026-06-15 13:01:38	1	0	15	0
   110455	2026-06-15 17:03:25	1	0	15	0
   110444	2026-06-15 17:03:57	1	0	15	0
   110541	2026-06-15 17:12:28	1	0	15	0
   110420	2026-06-15 17:17:02	1	0	15	0
   110420	2026-06-15 17:17:03	1	0	15	0
   110046	2026-06-15 17:42:41	1	1	3	0
   110438	2026-06-15 17:47:39	1	1	15	0
   110438	2026-06-15 17:47:41	1	1	15	0
   110439	2026-06-15 17:47:44	1	1	15	0
   110453	2026-06-15 18:06:28	1	1	15	0
   118024	2026-06-15 18:38:20	1	1	15	0
   118598	2026-06-15 18:45:47	1	1	15	0
   110714	2026-06-15 18:52:03	1	1	15	0
   110714	2026-06-15 18:52:05	1	1	15	0
   117099	2026-06-15 18:52:10	1	1	15	0
   117022	2026-06-15 18:55:02	1	1	15	0
   117022	2026-06-15 18:55:04	1	1	15	0
   117022	2026-06-15 18:55:06	1	1	15	0
   116453	2026-06-15 18:55:24	1	1	15	0
   116137	2026-06-15 18:55:31	1	1	15	0
   110425	2026-06-15 19:05:28	1	1	15	0
   110425	2026-06-15 19:05:30	1	1	15	0
