        119077	2026-06-01 05:38:39	1	0	1	0
        110362	2026-06-01 06:05:05	1	0	15	0
        118326	2026-06-01 06:35:10	1	0	15	0
        116442	2026-06-01 06:45:08	1	0	15	0
        117239	2026-06-01 06:45:15	1	0	15	0
        116690	2026-06-01 06:50:22	1	0	15	0
        117656	2026-06-01 06:52:21	1	0	15	0
        116735	2026-06-01 06:54:31	1	0	15	0
        110068	2026-06-01 06:55:18	1	0	1	0
        119406	2026-06-01 06:56:31	1	0	15	0
        117090	2026-06-01 06:58:39	1	0	15	0
        116466	2026-06-01 06:58:44	1	0	1	0
        110045	2026-06-01 06:58:56	1	0	15	0
        110542	2026-06-01 07:00:24	1	0	15	0
        118251	2026-06-01 07:01:12	1	0	1	0
        110115	2026-06-01 07:02:07	1	0	15	0
        110194	2026-06-01 07:03:08	1	0	15	0
        110472	2026-06-01 07:04:19	1	0	15	0
        116524	2026-06-01 07:09:13	1	0	15	0
        116738	2026-06-01 07:10:36	1	0	15	0
        116487	2026-06-01 07:10:50	1	0	1	0
        117185	2026-06-01 07:11:21	1	0	15	0
        110641	2026-06-01 07:13:50	1	0	15	0
        116202	2026-06-01 07:14:15	1	0	15	0
        110794	2026-06-01 07:14:59	1	0	15	0
        116152	2026-06-01 07:17:46	1	0	15	0
        118160	2026-06-01 07:18:43	1	0	15	0
        110531	2026-06-01 07:18:53	1	0	15	0
        118125	2026-06-01 07:19:08	1	0	15	0
        118548	2026-06-01 07:19:23	1	0	15	0
        110188	2026-06-01 07:19:40	1	0	15	0
        116622	2026-06-01 07:20:07	1	0	1	0
        118143	2026-06-01 07:21:11	1	0	15	0
        110454	2026-06-01 07:21:41	1	0	15	0
        110530	2026-06-01 07:22:09	1	0	15	0
        116825	2026-06-01 07:22:16	1	0	15	0
        116434	2026-06-01 07:23:51	1	0	1	0
        118585	2026-06-01 07:24:01	1	0	15	0
        110429	2026-06-01 07:24:27	1	0	15	0
        119206	2026-06-01 07:25:56	1	0	15	0
        118398	2026-06-01 07:26:03	1	0	15	0
        116192	2026-06-01 07:27:41	1	0	15	0
        119117	2026-06-01 07:27:48	1	0	1	0
        110149	2026-06-01 07:28:44	1	0	15	0
        118298	2026-06-01 07:31:46	1	0	1	0
        116844	2026-06-01 07:32:39	1	0	15	0
        118694	2026-06-01 07:33:11	1	0	15	0
        110064	2026-06-01 07:34:39	1	0	15	0
        110124	2026-06-01 07:36:01	1	0	15	0
        119392	2026-06-01 07:37:27	1	0	15	0
        116263	2026-06-01 07:37:33	1	0	15	0
        110534	2026-06-01 07:37:50	1	0	15	0
        116476	2026-06-01 07:41:10	1	0	15	0
        119376	2026-06-01 07:42:02	1	0	15	0
        117518	2026-06-01 07:44:11	1	0	15	0
        110806	2026-06-01 07:44:26	1	0	15	0
        117727	2026-06-01 07:50:51	1	0	15	0
        118083	2026-06-01 07:54:02	1	0	15	0
        116511	2026-06-01 07:54:08	1	0	15	0
        110461	2026-06-01 07:54:24	1	0	15	0
        118801	2026-06-01 08:02:15	1	0	15	0
        118729	2026-06-01 08:02:42	1	0	15	0
        110426	2026-06-01 08:03:11	1	0	15	0
        117274	2026-06-01 08:03:15	1	0	15	0
        110359	2026-06-01 08:06:31	1	0	15	0
        117398	2026-06-01 08:25:33	1	0	15	0
        110454	2026-06-01 12:00:25	1	2	15	0
        110359	2026-06-01 12:00:49	1	2	15	0
        117727	2026-06-01 12:02:06	1	2	15	0
        117398	2026-06-01 12:02:14	1	2	15	0
        116738	2026-06-01 12:02:21	1	2	15	0
        110531	2026-06-01 12:02:30	1	2	15	0
        110542	2026-06-01 12:02:35	1	2	15	0
        118125	2026-06-01 12:02:45	1	2	15	0
        119117	2026-06-01 12:03:03	1	2	1	0
        116735	2026-06-01 12:03:10	1	2	15	0
        110359	2026-06-01 12:03:16	1	2	15	0
        117274	2026-06-01 12:04:31	1	2	15	0
        118398	2026-06-01 12:04:35	1	2	15	0
        116263	2026-06-01 12:04:46	1	2	15	0
        118326	2026-06-01 12:04:49	1	2	15	0
        116442	2026-06-01 12:05:09	1	2	15	0
        116825	2026-06-01 12:05:14	1	2	15	0
        118251	2026-06-01 12:05:28	1	2	1	0
        110068	2026-06-01 12:05:35	1	2	1	0
        118160	2026-06-01 12:05:41	1	2	15	0
        119406	2026-06-01 12:05:45	1	2	15	0
        117656	2026-06-01 12:05:48	1	2	15	0
        116152	2026-06-01 12:05:52	1	2	15	0
        110188	2026-06-01 12:05:56	1	2	15	0
        118548	2026-06-01 12:06:18	1	2	15	0
        110045	2026-06-01 12:06:41	1	2	15	0
        116192	2026-06-01 12:07:13	1	2	15	0
        110641	2026-06-01 12:07:17	1	2	15	0
        117090	2026-06-01 12:07:21	1	2	15	0
        110362	2026-06-01 12:07:25	1	2	15	0
        117398	2026-06-01 12:07:31	1	2	15	0
        118298	2026-06-01 12:07:36	1	2	1	0
        116476	2026-06-01 12:07:43	1	2	15	0
        110361	2026-06-01 12:07:48	1	2	15	0
        110454	2026-06-01 12:08:02	1	2	15	0
        110426	2026-06-01 12:08:16	1	2	15	0
        116690	2026-06-01 12:08:20	1	2	15	0
        118160	2026-06-01 12:08:25	1	2	15	0
        110531	2026-06-01 12:08:30	1	2	15	0
        110542	2026-06-01 12:08:36	1	2	15	0
        119117	2026-06-01 12:08:40	1	2	1	0
        119406	2026-06-01 12:08:47	1	2	15	0
        116152	2026-06-01 12:08:50	1	2	15	0
        117518	2026-06-01 12:08:56	1	2	15	0
        116202	2026-06-01 12:09:00	1	2	15	0
        118398	2026-06-01 12:09:19	1	2	15	0
        110794	2026-06-01 12:10:28	1	2	15	0
        116825	2026-06-01 12:10:48	1	2	15	0
        118694	2026-06-01 12:10:52	1	2	15	0
        118729	2026-06-01 12:10:57	1	2	15	0
        118326	2026-06-01 12:11:08	1	2	15	0
        117090	2026-06-01 12:11:32	1	2	15	0
        116192	2026-06-01 12:11:37	1	2	15	0
        110068	2026-06-01 12:11:41	1	2	1	0
        116690	2026-06-01 12:12:02	1	2	15	0
        116202	2026-06-01 12:12:11	1	2	15	0
        117518	2026-06-01 12:12:23	1	2	15	0
        110426	2026-06-01 12:12:27	1	2	15	0
        116622	2026-06-01 12:12:42	1	2	1	0
        110806	2026-06-01 12:12:48	1	2	15	0
        110530	2026-06-01 12:12:54	1	2	15	0
        118548	2026-06-01 12:13:08	1	2	15	0
        116263	2026-06-01 12:13:12	1	2	15	0
        118251	2026-06-01 12:13:18	1	2	1	0
        118125	2026-06-01 12:13:24	1	2	15	0
        116434	2026-06-01 12:13:29	1	2	1	0
        116735	2026-06-01 12:13:36	1	2	15	0
        117656	2026-06-01 12:14:23	1	2	15	0
        110188	2026-06-01 12:14:26	1	2	15	0
        118083	2026-06-01 12:14:47	1	2	15	0
        110641	2026-06-01 12:15:06	1	2	15	0
        110362	2026-06-01 12:15:10	1	2	15	0
        119206	2026-06-01 12:15:18	1	2	15	0
        110429	2026-06-01 12:16:59	1	2	15	0
        110461	2026-06-01 12:17:26	1	2	15	0
        118083	2026-06-01 12:17:35	1	2	15	0
        110530	2026-06-01 12:17:56	1	2	15	0
        110806	2026-06-01 12:18:01	1	2	15	0
        116622	2026-06-01 12:18:06	1	2	1	0
        119206	2026-06-01 12:18:12	1	2	15	0
        116434	2026-06-01 12:18:54	1	2	1	0
        117274	2026-06-01 12:19:00	1	2	15	0
        118801	2026-06-01 12:19:52	1	2	15	0
        118298	2026-06-01 12:20:11	1	2	1	0
        116844	2026-06-01 12:20:27	1	2	15	0
        116442	2026-06-01 12:20:41	1	0	15	0
        116466	2026-06-01 12:22:14	1	2	1	0
        119376	2026-06-01 12:22:33	1	2	15	0
        117727	2026-06-01 12:24:20	1	2	15	0
        119376	2026-06-01 12:24:31	1	2	15	0
        116844	2026-06-01 12:25:18	1	2	15	0
        116511	2026-06-01 12:27:50	1	2	15	0
        116476	2026-06-01 12:29:52	1	2	15	0
        110429	2026-06-01 12:30:18	1	2	15	0
        110472	2026-06-01 12:30:34	1	2	15	0
        117239	2026-06-01 12:30:38	1	2	15	0
        116524	2026-06-01 12:30:46	1	2	15	0
        117185	2026-06-01 12:30:50	1	2	15	0
        119077	2026-06-01 12:31:24	1	2	1	0
        118585	2026-06-01 12:32:04	1	3	15	0
        110124	2026-06-01 12:32:34	1	3	15	0
        110115	2026-06-01 12:33:20	1	3	15	0
        119077	2026-06-01 12:33:53	1	3	1	0
        110064	2026-06-01 12:34:15	1	3	15	0
        116511	2026-06-01 12:34:45	1	3	15	0
        117239	2026-06-01 12:35:49	1	3	15	0
        110472	2026-06-01 12:35:55	1	3	15	0
        116524	2026-06-01 12:35:59	1	3	15	0
        110124	2026-06-01 12:36:38	1	3	1	0
        110064	2026-06-01 12:36:46	1	3	15	0
        118729	2026-06-01 12:37:49	1	3	15	0
        118694	2026-06-01 12:37:52	1	3	15	0
        110149	2026-06-01 12:39:28	1	3	15	0
        110461	2026-06-01 12:39:35	1	3	15	0
        118143	2026-06-01 12:39:52	1	3	15	0
        116487	2026-06-01 12:42:18	1	3	15	0
        118143	2026-06-01 12:42:29	1	3	15	0
        116487	2026-06-01 12:45:47	1	3	15	0
        110149	2026-06-01 12:45:58	1	3	15	0
        110115	2026-06-01 12:46:04	1	3	15	0
        116738	2026-06-01 12:46:56	1	3	15	0
        110534	2026-06-01 12:52:34	1	3	15	0
        116466	2026-06-01 12:54:26	1	3	1	0
        117185	2026-06-01 12:55:12	1	3	15	0
        118801	2026-06-01 12:55:17	1	3	15	0
        110794	2026-06-01 12:55:27	1	3	15	0
        110534	2026-06-01 12:55:58	1	3	15	0
        119392	2026-06-01 12:56:13	1	3	15	0
        119392	2026-06-01 12:59:04	1	3	15	0
        118585	2026-06-01 13:05:29	1	3	15	0
        117398	2026-06-01 17:12:33	1	1	15	0
        116476	2026-06-01 17:17:18	1	1	15	0
        110362	2026-06-01 18:02:39	1	1	15	0
        110361	2026-06-01 18:02:58	1	1	15	0
        110542	2026-06-01 18:05:09	1	1	15	0
        117656	2026-06-01 18:21:15	1	1	15	0
        116622	2026-06-01 18:23:01	1	1	1	0
        116690	2026-06-01 18:23:08	1	1	15	0
        110115	2026-06-01 18:24:39	1	1	15	0
        119206	2026-06-01 18:26:22	1	1	15	0
        118251	2026-06-01 18:26:31	1	1	1	0
        119406	2026-06-01 18:27:46	1	1	15	0
        110530	2026-06-01 18:29:00	1	1	15	0
        110531	2026-06-01 18:29:44	1	1	15	0
        110454	2026-06-01 18:32:03	1	1	15	0
        110534	2026-06-01 18:32:07	1	1	15	0
        118326	2026-06-01 18:34:56	1	1	15	0
        116487	2026-06-01 18:35:54	1	1	15	0
        116192	2026-06-01 18:38:17	1	1	15	0
        117090	2026-06-01 18:38:24	1	1	15	0
        116524	2026-06-01 18:38:43	1	1	15	0
        119077	2026-06-01 18:38:48	1	1	1	0
        118398	2026-06-01 18:38:53	1	1	15	0
        116263	2026-06-01 18:38:57	1	1	15	0
        119392	2026-06-01 18:39:27	1	1	15	0
        110472	2026-06-01 18:43:31	1	1	15	0
        117239	2026-06-01 18:43:37	1	1	15	0
        119376	2026-06-01 18:44:17	1	1	15	0
        116152	2026-06-01 18:44:33	1	1	15	0
        110806	2026-06-01 18:44:38	1	1	15	0
        110064	2026-06-01 18:45:04	1	1	15	0
        116844	2026-06-01 18:45:28	1	1	15	0
        116825	2026-06-01 18:46:57	1	1	15	0
        116738	2026-06-01 18:49:14	1	1	15	0
        110188	2026-06-01 18:50:46	1	1	15	0
        118160	2026-06-01 18:52:13	1	1	15	0
        117518	2026-06-01 18:52:23	1	1	15	0
        116202	2026-06-01 18:52:29	1	1	15	0
        116735	2026-06-01 18:52:31	1	1	15	0
        117451	2026-06-01 18:52:35	1	1	15	0
        117267	2026-06-01 18:55:09	1	1	15	0
        118125	2026-06-01 18:55:44	1	1	15	0
        118548	2026-06-01 18:56:11	1	1	15	0
        110641	2026-06-01 18:56:24	1	1	15	0
        118083	2026-06-01 18:57:28	1	1	15	0
        117727	2026-06-01 18:59:38	1	1	15	0
        116434	2026-06-01 18:59:44	1	1	1	0
        116466	2026-06-01 18:59:47	1	1	1	0
        110426	2026-06-01 19:00:59	1	1	15	0
        110429	2026-06-01 19:02:27	1	1	15	0
        118801	2026-06-01 19:03:27	1	1	15	0
        118298	2026-06-01 19:03:38	1	1	1	0
        118694	2026-06-01 19:07:04	1	1	15	0
        118729	2026-06-01 19:07:10	1	1	15	0
        117273	2026-06-01 19:07:16	1	1	15	0
        110359	2026-06-01 19:07:20	1	1	15	0
        110359	2026-06-01 19:09:14	1	1	15	0
        110046	2026-06-01 19:09:35	1	1	15	0
        110124	2026-06-01 19:10:06	1	1	15	0
        110149	2026-06-01 19:11:45	1	1	15	0
        117274	2026-06-01 19:12:09	1	1	15	0
        116511	2026-06-01 19:12:55	1	1	15	0
        110461	2026-06-01 19:13:01	1	1	15	0
        110068	2026-06-01 19:45:07	1	1	1	0
        119117	2026-06-01 19:45:19	1	1	1	0
        119117	2026-06-01 19:46:41	1	1	1	0
        117687	2026-06-01 19:55:37	1	1	15	0
        110794	2026-06-01 20:44:30	1	1	15	0
        117451	2026-06-02 06:22:13	1	0	15	0
        110361	2026-06-02 06:28:56	1	0	15	0
        118146	2026-06-02 06:29:09	1	0	15	0
        118326	2026-06-02 06:29:53	1	0	15	0
        117656	2026-06-02 06:45:12	1	0	15	0
        116442	2026-06-02 06:49:17	1	0	15	0
        118160	2026-06-02 06:54:10	1	0	15	0
        116690	2026-06-02 06:54:51	1	0	15	0
        110454	2026-06-02 06:57:14	1	0	15	0
        117185	2026-06-02 07:01:49	1	0	15	0
        119077	2026-06-02 07:02:04	1	0	1	0
        110542	2026-06-02 07:02:26	1	0	15	0
        117090	2026-06-02 07:03:37	1	0	15	0
        110641	2026-06-02 07:04:17	1	0	15	0
        117187	2026-06-02 07:04:22	1	0	15	0
        117239	2026-06-02 07:04:52	1	0	15	0
        116254	2026-06-02 07:04:57	1	0	15	0
        110045	2026-06-02 07:06:10	1	0	15	0
        116202	2026-06-02 07:06:43	1	0	15	0
        116738	2026-06-02 07:06:56	1	0	15	0
        119393	2026-06-02 07:07:20	1	0	15	0
        118251	2026-06-02 07:09:11	1	0	1	0
        110794	2026-06-02 07:11:06	1	0	15	0
        110362	2026-06-02 07:11:13	1	0	15	0
        116712	2026-06-02 07:14:43	1	0	15	0
        119206	2026-06-02 07:15:31	1	0	15	0
        118548	2026-06-02 07:16:11	1	0	15	0
        116466	2026-06-02 07:16:21	1	0	1	0
        116524	2026-06-02 07:16:42	1	0	15	0
        110188	2026-06-02 07:16:52	1	0	15	0
        117977	2026-06-02 07:17:16	1	0	15	0
        116622	2026-06-02 07:19:37	1	0	1	0
        110472	2026-06-02 07:19:53	1	0	15	0
        110068	2026-06-02 07:20:00	1	0	1	0
        110534	2026-06-02 07:22:02	1	0	15	0
        118729	2026-06-02 07:23:04	1	0	15	0
        118694	2026-06-02 07:23:12	1	0	15	0
        117273	2026-06-02 07:24:11	1	0	15	0
        116844	2026-06-02 07:24:27	1	0	15	0
        118125	2026-06-02 07:24:37	1	0	1	0
        110115	2026-06-02 07:26:18	1	0	15	0
        116192	2026-06-02 07:28:17	1	0	15	0
        118143	2026-06-02 07:29:56	1	0	15	0
        119117	2026-06-02 07:30:35	1	0	1	0
        110194	2026-06-02 07:31:35	1	0	15	0
        110806	2026-06-02 07:31:49	1	0	15	0
        110530	2026-06-02 07:32:28	1	0	15	0
        117518	2026-06-02 07:35:58	1	0	15	0
        117727	2026-06-02 07:36:12	1	0	15	0
        110426	2026-06-02 07:37:42	1	0	15	0
        116152	2026-06-02 07:39:47	1	0	15	0
        110646	2026-06-02 07:40:07	1	0	15	0
        119443	2026-06-02 07:40:46	1	0	15	0
        117267	2026-06-02 07:41:27	1	0	15	0
        118585	2026-06-02 07:43:10	1	0	15	0
        110531	2026-06-02 07:43:28	1	0	15	0
        116487	2026-06-02 07:43:41	1	0	1	0
        116434	2026-06-02 07:46:50	1	0	1	0
        118298	2026-06-02 07:47:53	1	0	1	0
        110429	2026-06-02 07:50:14	1	0	15	0
        110124	2026-06-02 07:51:59	1	0	15	0
        116263	2026-06-02 07:52:44	1	0	15	0
        119376	2026-06-02 07:54:07	1	0	15	0
        116271	2026-06-02 07:57:23	1	0	15	0
        117274	2026-06-02 07:59:05	1	0	15	0
        110149	2026-06-02 07:59:10	1	0	15	0
        116790	2026-06-02 07:59:21	1	0	15	0
        110064	2026-06-02 08:03:17	1	0	15	0
        110359	2026-06-02 08:03:44	1	0	15	0
        116735	2026-06-02 08:06:48	1	0	15	0
        118398	2026-06-02 08:12:59	1	0	15	0
        118083	2026-06-02 08:16:28	1	0	15	0
        116476	2026-06-02 08:28:58	1	0	15	0
        116825	2026-06-02 08:35:23	1	0	15	0
        118801	2026-06-02 08:40:07	1	0	15	0
        117398	2026-06-02 08:51:36	1	0	15	0
        119406	2026-06-02 10:31:36	1	0	15	0
        110362	2026-06-02 12:00:07	1	2	15	0
        119206	2026-06-02 12:00:12	1	2	15	0
        116790	2026-06-02 12:00:22	1	2	15	0
        110531	2026-06-02 12:01:19	1	2	15	0
        118398	2026-06-02 12:01:24	1	2	15	0
        119376	2026-06-02 12:02:01	1	2	15	0
        117656	2026-06-02 12:02:06	1	2	15	0
        110188	2026-06-02 12:02:10	1	2	15	0
        110794	2026-06-02 12:02:14	1	2	15	0
        117185	2026-06-02 12:02:21	1	2	15	0
        117398	2026-06-02 12:02:28	1	2	15	0
        116476	2026-06-02 12:02:41	1	2	15	0
        119117	2026-06-02 12:02:45	1	2	1	0
        118801	2026-06-02 12:02:51	1	2	15	0
        110045	2026-06-02 12:02:59	1	2	15	0
        119206	2026-06-02 12:03:05	1	2	15	0
        116790	2026-06-02 12:03:11	1	2	15	0
        116466	2026-06-02 12:03:18	1	2	1	0
        118298	2026-06-02 12:03:23	1	2	1	0
        116434	2026-06-02 12:03:30	1	2	1	0
        110472	2026-06-02 12:03:49	1	2	15	0
        116192	2026-06-02 12:04:00	1	2	15	0
        117090	2026-06-02 12:04:04	1	2	15	0
        110454	2026-06-02 12:04:08	1	2	15	0
        116712	2026-06-02 12:04:26	1	2	15	0
        110542	2026-06-02 12:04:34	1	2	15	0
        110426	2026-06-02 12:04:40	1	2	15	0
        116825	2026-06-02 12:04:47	1	2	15	0
        117977	2026-06-02 12:04:58	1	2	15	0
        119376	2026-06-02 12:05:23	1	2	15	0
        116712	2026-06-02 12:05:31	1	2	15	0
        119117	2026-06-02 12:06:22	1	2	1	0
        117518	2026-06-02 12:06:30	1	2	15	0
        117398	2026-06-02 12:06:36	1	2	15	0
        110188	2026-06-02 12:06:42	1	2	15	0
        117656	2026-06-02 12:06:45	1	2	15	0
        118548	2026-06-02 12:06:51	1	2	15	0
        116690	2026-06-02 12:06:57	1	2	15	0
        116622	2026-06-02 12:07:01	1	2	1	0
        110806	2026-06-02 12:07:07	1	2	15	0
        110646	2026-06-02 12:07:15	1	2	15	0
        110068	2026-06-02 12:07:19	1	2	1	0
        110530	2026-06-02 12:07:28	1	2	15	0
        117977	2026-06-02 12:07:33	1	2	15	0
        116202	2026-06-02 12:07:38	1	2	15	0
        110531	2026-06-02 12:07:49	1	2	15	0
        116152	2026-06-02 12:07:57	1	2	15	0
        117727	2026-06-02 12:08:04	1	2	15	0
        110472	2026-06-02 12:08:08	1	1	15	0
        116738	2026-06-02 12:08:14	1	1	15	0
        110149	2026-06-02 12:08:19	1	1	15	0
        116442	2026-06-02 12:08:23	1	1	15	0
        116192	2026-06-02 12:08:28	1	1	15	0
        117090	2026-06-02 12:08:31	1	1	15	0
        110542	2026-06-02 12:08:36	1	1	15	0
        119406	2026-06-02 12:08:52	1	1	15	0
        110454	2026-06-02 12:08:56	1	1	15	0
        117274	2026-06-02 12:08:59	1	1	15	0
        118801	2026-06-02 12:09:16	1	1	15	0
        118398	2026-06-02 12:09:24	1	1	15	0
        116487	2026-06-02 12:09:35	1	1	1	0
        117518	2026-06-02 12:10:08	1	2	15	0
        116825	2026-06-02 12:11:18	1	2	15	0
        110426	2026-06-02 12:11:22	1	2	15	0
        110530	2026-06-02 12:11:39	1	2	15	0
        110068	2026-06-02 12:11:43	1	2	1	0
        116152	2026-06-02 12:11:51	1	2	15	0
        118548	2026-06-02 12:11:56	1	2	15	0
        119406	2026-06-02 12:12:01	1	2	15	0
        110149	2026-06-02 12:12:42	1	2	15	0
        117727	2026-06-02 12:13:01	1	2	15	0
        116738	2026-06-02 12:13:26	1	2	15	0
        118326	2026-06-02 12:13:45	1	2	15	0
        119393	2026-06-02 12:13:56	1	2	15	0
        118251	2026-06-02 12:14:00	1	2	1	0
        119443	2026-06-02 12:14:06	1	2	15	0
        116263	2026-06-02 12:14:12	1	2	15	0
        116271	2026-06-02 12:14:37	1	2	15	0
        119407	2026-06-02 12:14:46	1	2	15	0
        110064	2026-06-02 12:16:58	1	2	15	0
        116263	2026-06-02 12:17:51	1	2	15	0
        118251	2026-06-02 12:17:54	1	2	1	0
        119393	2026-06-02 12:18:03	1	2	15	0
        116844	2026-06-02 12:18:07	1	2	15	0
        118160	2026-06-02 12:18:10	1	2	15	0
        119443	2026-06-02 12:18:19	1	2	15	0
        118326	2026-06-02 12:18:22	1	2	15	0
        110064	2026-06-02 12:19:09	1	2	15	0
        116442	2026-06-02 12:19:54	1	0	15	0
        110429	2026-06-02 12:21:34	1	2	15	0
        118160	2026-06-02 12:22:01	1	2	15	0
        116844	2026-06-02 12:22:08	1	2	15	0
        119407	2026-06-02 12:22:24	1	2	15	0
        116271	2026-06-02 12:22:45	1	2	15	0
        118146	2026-06-02 12:22:52	1	2	15	0
        118083	2026-06-02 12:23:06	1	2	15	0
        118585	2026-06-02 12:25:36	1	2	15	0
        118083	2026-06-02 12:26:04	1	2	15	0
        116476	2026-06-02 12:26:26	1	2	15	0
        110124	2026-06-02 12:26:47	1	2	1	0
        118585	2026-06-02 12:28:04	1	2	15	0
        117185	2026-06-02 12:30:21	1	3	15	0
        116466	2026-06-02 12:30:27	1	3	1	0
        118298	2026-06-02 12:30:32	1	3	1	0
        117239	2026-06-02 12:32:28	1	3	15	0
        116524	2026-06-02 12:32:38	1	3	15	0
        118125	2026-06-02 12:35:23	1	3	15	0
        110361	2026-06-02 12:35:30	1	3	15	0
        110429	2026-06-02 12:35:37	1	3	15	0
        117239	2026-06-02 12:36:11	1	3	15	0
        116524	2026-06-02 12:36:19	1	3	15	0
        118146	2026-06-02 12:36:32	1	3	15	0
        110045	2026-06-02 12:36:41	1	3	15	0
        116434	2026-06-02 12:37:16	1	3	1	0
        110806	2026-06-02 12:38:01	1	3	15	0
        116622	2026-06-02 12:38:07	1	3	1	0
        110646	2026-06-02 12:38:13	1	3	15	0
        117187	2026-06-02 12:38:25	1	3	15	0
        116254	2026-06-02 12:38:48	1	3	15	0
        110115	2026-06-02 12:39:07	1	3	15	0
        110362	2026-06-02 12:39:28	1	3	15	0
        118694	2026-06-02 12:39:33	1	3	15	0
        110359	2026-06-02 12:40:00	1	3	15	0
        118125	2026-06-02 12:40:11	1	3	15	0
        110361	2026-06-02 12:40:15	1	3	15	0
        118143	2026-06-02 12:41:03	1	3	15	0
        116511	2026-06-02 12:41:23	1	3	15	0
        110124	2026-06-02 12:43:16	1	3	1	0
        110359	2026-06-02 12:43:28	1	3	15	0
        116487	2026-06-02 12:43:46	1	3	1	0
        116202	2026-06-02 12:44:02	1	3	15	0
        116690	2026-06-02 12:44:06	1	3	15	0
        118729	2026-06-02 12:45:26	1	3	15	0
        110641	2026-06-02 12:46:03	1	3	15	0
        118143	2026-06-02 12:46:53	1	3	15	0
        117274	2026-06-02 12:48:19	1	3	15	0
        116735	2026-06-02 12:48:44	1	3	15	0
        117267	2026-06-02 12:48:48	1	3	15	0
        117187	2026-06-02 12:49:00	1	3	15	0
        116254	2026-06-02 12:49:09	1	3	15	0
        110115	2026-06-02 12:49:51	1	3	15	0
        116511	2026-06-02 12:50:08	1	3	15	0
        110641	2026-06-02 12:51:30	1	3	15	0
        118694	2026-06-02 12:51:45	1	3	15	0
        118729	2026-06-02 12:52:10	1	3	15	0
        110794	2026-06-02 12:52:15	1	3	15	0
        119077	2026-06-02 12:53:10	1	3	1	0
        110461	2026-06-02 12:53:27	1	3	15	0
        116735	2026-06-02 12:53:42	1	3	15	0
        117267	2026-06-02 12:53:47	1	3	15	0
        110534	2026-06-02 12:54:01	1	3	15	0
        119077	2026-06-02 12:54:35	1	3	1	0
        110534	2026-06-02 12:58:17	1	3	15	0
        116152	2026-06-02 15:28:38	1	3	15	0
        117398	2026-06-02 17:49:38	1	1	15	0
        116476	2026-06-02 17:49:45	1	1	15	0
        110361	2026-06-02 18:01:33	1	1	15	0
        110454	2026-06-02 18:02:35	1	1	15	0
        110542	2026-06-02 18:02:40	1	1	15	0
        110641	2026-06-02 18:04:59	1	1	15	0
        119406	2026-06-02 18:05:06	1	1	15	0
        110362	2026-06-02 18:05:53	1	1	15	0
        116825	2026-06-02 18:06:21	1	1	15	0
        116442	2026-06-02 18:07:09	1	1	15	0
        118326	2026-06-02 18:07:36	1	1	15	0
        118146	2026-06-02 18:08:05	1	1	15	0
        117090	2026-06-02 18:08:23	1	1	15	0
        117185	2026-06-02 18:09:36	1	1	15	0
        110115	2026-06-02 18:10:28	1	1	15	0
        116690	2026-06-02 18:11:57	1	1	15	0
        110045	2026-06-02 18:12:16	1	1	15	0
        117239	2026-06-02 18:12:32	1	1	15	0
        118160	2026-06-02 18:13:21	1	1	15	0
        117656	2026-06-02 18:14:17	1	1	15	0
        119206	2026-06-02 18:16:43	1	1	15	0
        117977	2026-06-02 18:17:49	1	1	15	0
        119077	2026-06-02 18:19:42	1	1	1	0
        110188	2026-06-02 18:20:53	1	1	15	0
        116622	2026-06-02 18:21:41	1	1	1	0
        110472	2026-06-02 18:22:50	1	1	15	0
        116524	2026-06-02 18:23:00	1	1	15	0
        117451	2026-06-02 18:24:18	1	1	15	0
        118548	2026-06-02 18:25:28	1	1	15	0
        117273	2026-06-02 18:26:22	1	1	15	0
        116844	2026-06-02 18:28:43	1	1	15	0
        110068	2026-06-02 18:32:23	1	1	1	0
        110534	2026-06-02 18:32:40	1	1	15	0
        116712	2026-06-02 18:33:54	1	1	15	0
        116735	2026-06-02 18:33:59	1	1	15	0
        110806	2026-06-02 18:34:14	1	1	15	0
        110530	2026-06-02 18:34:28	1	1	15	0
        119117	2026-06-02 18:38:18	1	1	1	0
        110426	2026-06-02 18:38:26	1	1	15	0
        117518	2026-06-02 18:38:32	1	1	15	0
        110646	2026-06-02 18:40:12	1	1	15	0
        116192	2026-06-02 18:41:06	1	1	15	0
        116202	2026-06-02 18:41:14	1	1	15	0
        110531	2026-06-02 18:46:55	1	1	15	0
        116487	2026-06-02 18:48:08	1	1	15	0
        119393	2026-06-02 18:49:31	1	1	15	0
        118251	2026-06-02 18:49:35	1	1	1	0
        119443	2026-06-02 18:49:41	1	1	15	0
        117267	2026-06-02 18:51:21	1	1	15	0
        118143	2026-06-02 18:51:40	1	1	15	0
        118125	2026-06-02 18:56:21	1	1	15	0
        119376	2026-06-02 18:56:29	1	1	15	0
        110149	2026-06-02 18:57:21	1	1	15	0
        116263	2026-06-02 18:58:27	1	1	15	0
        110359	2026-06-02 19:00:05	1	1	15	0
        118083	2026-06-02 19:00:08	1	1	15	0
        118398	2026-06-02 19:00:12	1	1	15	0
        116271	2026-06-02 19:00:37	1	1	15	0
        116466	2026-06-02 19:01:38	1	1	1	0
        118298	2026-06-02 19:01:59	1	1	1	0
        116434	2026-06-02 19:02:03	1	1	1	0
        116790	2026-06-02 19:02:12	1	1	15	0
        117727	2026-06-02 19:02:20	1	1	15	0
        118585	2026-06-02 19:03:11	1	1	15	0
        118801	2026-06-02 19:04:06	1	1	15	0
        116511	2026-06-02 19:04:38	1	1	15	0
        110461	2026-06-02 19:04:43	1	1	15	0
        110064	2026-06-02 19:06:24	1	1	15	0
        116738	2026-06-02 19:07:14	1	1	15	0
        118729	2026-06-02 19:10:58	1	1	15	0
        117274	2026-06-02 19:49:05	1	1	15	0
        110794	2026-06-02 20:04:18	1	1	15	0
        117451	2026-06-03 06:22:50	1	0	15	0
        118146	2026-06-03 06:24:28	1	0	15	0
        110068	2026-06-03 06:42:17	1	0	1	0
        116442	2026-06-03 06:49:23	1	0	15	0
        110542	2026-06-03 06:52:52	1	0	15	0
        116509	2026-06-03 06:55:13	1	0	15	0
        119406	2026-06-03 06:56:10	1	0	15	0
        110045	2026-06-03 06:56:24	1	0	15	0
        117090	2026-06-03 06:56:34	1	0	15	0
        110362	2026-06-03 06:58:01	1	0	15	0
        110641	2026-06-03 06:58:04	1	0	15	0
        116466	2026-06-03 06:58:20	1	0	1	0
        110361	2026-06-03 06:58:42	1	0	15	0
        118160	2026-06-03 06:58:55	1	0	15	0
        118251	2026-06-03 06:59:41	1	0	1	0
        117185	2026-06-03 07:01:59	1	0	15	0
        117656	2026-06-03 07:08:52	1	0	15	0
        116202	2026-06-03 07:12:19	1	0	15	0
        110188	2026-06-03 07:15:28	1	0	15	0
        118125	2026-06-03 07:17:09	1	0	15	0
        119117	2026-06-03 07:17:15	1	0	1	0
        110794	2026-06-03 07:21:45	1	0	15	0
        116844	2026-06-03 07:22:14	1	0	15	0
        116524	2026-06-03 07:22:44	1	0	15	0
        110115	2026-06-03 07:24:58	1	0	15	0
        118548	2026-06-03 07:25:01	1	0	15	0
        119077	2026-06-03 07:25:08	1	0	1	0
        118143	2026-06-03 07:25:14	1	0	15	0
        110194	2026-06-03 07:25:28	1	0	15	0
        119393	2026-06-03 07:26:49	1	0	15	0
        110472	2026-06-03 07:28:09	1	0	15	0
        119407	2026-06-03 07:29:14	1	0	15	0
        116738	2026-06-03 07:31:13	1	0	15	0
        119206	2026-06-03 07:33:01	1	0	15	0
        116152	2026-06-03 07:34:10	1	0	15	0
        116622	2026-06-03 07:34:15	1	0	1	0
        118729	2026-06-03 07:35:15	1	0	15	0
        118298	2026-06-03 07:36:03	1	0	1	0
        116735	2026-06-03 07:36:10	1	0	15	0
        117239	2026-06-03 07:37:34	1	0	15	0
        119443	2026-06-03 07:37:44	1	0	15	0
        119392	2026-06-03 07:37:48	1	0	15	0
        110534	2026-06-03 07:42:19	1	0	15	0
        110426	2026-06-03 07:42:41	1	0	15	0
        110806	2026-06-03 07:43:32	1	0	15	0
        117518	2026-06-03 07:44:53	1	0	15	0
        110531	2026-06-03 07:45:54	1	0	15	0
        117273	2026-06-03 07:46:01	1	0	15	0
        119376	2026-06-03 07:46:11	1	0	15	0
        116192	2026-06-03 07:46:33	1	0	15	0
        110064	2026-06-03 07:49:19	1	0	15	0
        117727	2026-06-03 07:50:16	1	0	15	0
        116434	2026-06-03 07:50:43	1	0	1	0
        116487	2026-06-03 07:51:27	1	0	15	0
        110530	2026-06-03 07:51:39	1	0	15	0
        110124	2026-06-03 07:52:23	1	0	15	0
        116263	2026-06-03 07:52:37	1	0	15	0
        117267	2026-06-03 07:54:36	1	0	15	0
        110149	2026-06-03 07:57:09	1	0	15	0
        118083	2026-06-03 07:57:54	1	0	15	0
        110359	2026-06-03 08:00:17	1	0	15	0
        118398	2026-06-03 08:02:05	1	0	15	0
        118694	2026-06-03 08:20:08	1	0	15	0
        116511	2026-06-03 08:21:29	1	0	15	0
        110461	2026-06-03 08:23:10	1	0	15	0
        116476	2026-06-03 08:32:24	1	0	15	0
        118585	2026-06-03 08:43:09	1	0	15	0
        117398	2026-06-03 08:46:02	1	0	15	0
        116712	2026-06-03 08:47:48	1	0	15	0
        119376	2026-06-03 12:00:09	1	2	15	0
        119393	2026-06-03 12:00:20	1	2	15	0
        118251	2026-06-03 12:00:25	1	2	1	0
        116263	2026-06-03 12:00:31	1	2	15	0
        119443	2026-06-03 12:01:08	1	2	15	0
        110426	2026-06-03 12:01:20	1	2	15	0
        110542	2026-06-03 12:01:25	1	2	15	0
        119407	2026-06-03 12:01:30	1	2	15	0
        110531	2026-06-03 12:01:35	1	2	15	0
        118298	2026-06-03 12:01:55	1	2	1	0
        110068	2026-06-03 12:02:16	1	2	1	0
        110359	2026-06-03 12:02:28	1	2	15	0
        118548	2026-06-03 12:02:31	1	2	15	0
        110361	2026-06-03 12:02:39	1	2	15	0
        110362	2026-06-03 12:02:43	1	2	15	0
        110641	2026-06-03 12:02:46	1	2	15	0
        119406	2026-06-03 12:02:50	1	2	15	0
        118398	2026-06-03 12:03:21	1	2	15	0
        117656	2026-06-03 12:03:47	1	2	15	0
        110188	2026-06-03 12:03:51	1	2	15	0
        116192	2026-06-03 12:03:56	1	2	15	0
        117090	2026-06-03 12:04:01	1	2	15	0
        119117	2026-06-03 12:04:25	1	2	1	0
        116442	2026-06-03 12:04:33	1	2	15	0
        119407	2026-06-03 12:05:11	1	2	15	0
        110359	2026-06-03 12:05:15	1	2	15	0
        116476	2026-06-03 12:05:25	1	2	15	0
        116487	2026-06-03 12:05:30	1	2	1	0
        118251	2026-06-03 12:05:58	1	2	1	0
        110064	2026-06-03 12:06:05	1	2	15	0
        119443	2026-06-03 12:06:10	1	2	15	0
        116263	2026-06-03 12:06:15	1	2	15	0
        119376	2026-06-03 12:06:21	1	2	15	0
        110531	2026-06-03 12:06:27	1	2	15	0
        110542	2026-06-03 12:06:33	1	2	15	0
        110426	2026-06-03 12:06:37	1	2	15	0
        110454	2026-06-03 12:06:41	1	2	15	0
        116152	2026-06-03 12:06:48	1	2	15	0
        117656	2026-06-03 12:06:55	1	2	15	0
        110188	2026-06-03 12:06:58	1	2	15	0
        116192	2026-06-03 12:07:11	1	2	15	0
        117090	2026-06-03 12:07:17	1	2	15	0
        116487	2026-06-03 12:07:38	1	2	1	0
        110641	2026-06-03 12:07:50	1	2	15	0
        110362	2026-06-03 12:07:54	1	2	15	0
        110361	2026-06-03 12:08:00	1	2	15	0
        119117	2026-06-03 12:08:22	1	2	1	0
        116738	2026-06-03 12:08:28	1	2	15	0
        117518	2026-06-03 12:08:52	1	2	15	0
        110064	2026-06-03 12:09:04	1	2	15	0
        116152	2026-06-03 12:09:14	1	2	15	0
        118398	2026-06-03 12:09:24	1	2	15	0
        116202	2026-06-03 12:09:31	1	2	15	0
        110806	2026-06-03 12:09:37	1	2	15	0
        116622	2026-06-03 12:09:47	1	2	1	0
        110530	2026-06-03 12:09:59	1	2	15	0
        110149	2026-06-03 12:10:19	1	2	15	0
        118298	2026-06-03 12:10:23	1	2	1	0
        119406	2026-06-03 12:11:01	1	2	15	0
        118125	2026-06-03 12:11:07	1	2	15	0
        118694	2026-06-03 12:11:16	1	2	15	0
        118729	2026-06-03 12:11:23	1	2	15	0
        119206	2026-06-03 12:12:18	1	2	15	0
        117727	2026-06-03 12:14:45	1	2	15	0
        116738	2026-06-03 12:14:50	1	2	15	0
        116442	2026-06-03 12:15:15	1	0	15	0
        118125	2026-06-03 12:16:04	1	2	15	0
        119393	2026-06-03 12:16:55	1	2	15	0
        110068	2026-06-03 12:17:02	1	2	1	0
        118548	2026-06-03 12:17:08	1	2	15	0
        119206	2026-06-03 12:17:12	1	2	15	0
        110806	2026-06-03 12:17:16	1	2	15	0
        116511	2026-06-03 12:17:21	1	2	15	0
        116202	2026-06-03 12:17:28	1	2	15	0
        117518	2026-06-03 12:17:34	1	2	15	0
        110530	2026-06-03 12:17:41	1	2	15	0
        116622	2026-06-03 12:17:48	1	2	1	0
        118729	2026-06-03 12:17:57	1	2	15	0
        118694	2026-06-03 12:18:01	1	2	15	0
        110149	2026-06-03 12:19:39	1	2	15	0
        117239	2026-06-03 12:20:51	1	2	15	0
        117185	2026-06-03 12:22:33	1	2	15	0
        118083	2026-06-03 12:23:35	1	2	15	0
        118160	2026-06-03 12:23:42	1	2	15	0
        116476	2026-06-03 12:24:23	1	2	15	0
        117398	2026-06-03 12:24:42	1	2	15	0
        117239	2026-06-03 12:25:12	1	2	15	0
        116735	2026-06-03 12:26:07	1	2	15	0
        117267	2026-06-03 12:26:13	1	2	15	0
        110194	2026-06-03 12:26:19	1	2	15	0
        118160	2026-06-03 12:26:29	1	2	15	0
        116844	2026-06-03 12:26:48	1	2	15	0
        118083	2026-06-03 12:27:12	1	2	15	0
        119077	2026-06-03 12:28:07	1	2	1	0
        118585	2026-06-03 12:28:32	1	2	15	0
        110461	2026-06-03 12:29:36	1	2	15	0
        116844	2026-06-03 12:30:07	1	2	15	0
        118146	2026-06-03 12:31:22	1	3	15	0
        118585	2026-06-03 12:33:05	1	3	15	0
        117267	2026-06-03 12:33:19	1	3	15	0
        116735	2026-06-03 12:33:28	1	3	15	0
        110194	2026-06-03 12:33:35	1	3	15	0
        119077	2026-06-03 12:34:06	1	3	1	0
        110472	2026-06-03 12:34:40	1	1	15	0
        116524	2026-06-03 12:34:48	1	1	15	0
        117185	2026-06-03 12:36:04	1	3	15	0
        117398	2026-06-03 12:37:13	1	3	15	0
        116524	2026-06-03 12:38:17	1	3	15	0
        110472	2026-06-03 12:38:24	1	3	15	0
        116738	2026-06-03 12:38:54	1	3	15	0
        117727	2026-06-03 12:38:57	1	3	15	0
        110461	2026-06-03 12:40:15	1	3	15	0
        116511	2026-06-03 12:44:21	1	3	15	0
        110794	2026-06-03 12:44:46	1	3	15	0
        118146	2026-06-03 12:45:06	1	3	15	0
        118143	2026-06-03 12:47:09	1	3	15	0
        119392	2026-06-03 12:52:44	1	3	15	0
        118143	2026-06-03 12:52:55	1	3	15	0
        110534	2026-06-03 12:53:32	1	3	15	0
        119392	2026-06-03 12:56:04	1	3	15	0
        110115	2026-06-03 12:56:29	1	3	15	0
        110534	2026-06-03 12:56:53	1	3	15	0
        110115	2026-06-03 12:59:37	1	3	15	0
        116712	2026-06-03 13:03:15	1	3	15	0
        110794	2026-06-03 13:07:34	1	3	15	0
        119406	2026-06-03 15:37:43	1	3	15	0
        116192	2026-06-03 16:42:16	1	1	15	0
        116476	2026-06-03 17:25:17	1	1	15	0
        117398	2026-06-03 17:29:05	1	1	15	0
        117398	2026-06-03 17:36:29	1	1	15	0
        110641	2026-06-03 18:02:28	1	1	15	0
        110361	2026-06-03 18:02:31	1	1	15	0
        110542	2026-06-03 18:02:59	1	1	15	0
        117451	2026-06-03 18:04:32	1	1	15	0
        116442	2026-06-03 18:06:52	1	1	15	0
        110454	2026-06-03 18:07:35	1	1	15	0
        117656	2026-06-03 18:08:03	1	1	15	0
        118146	2026-06-03 18:08:23	1	1	15	0
        117185	2026-06-03 18:10:17	1	1	15	0
        118160	2026-06-03 18:12:03	1	1	15	0
        110045	2026-06-03 18:15:12	1	1	15	0
        119206	2026-06-03 18:20:07	1	1	15	0
        110188	2026-06-03 18:22:48	1	1	15	0
        118125	2026-06-03 18:25:36	1	1	15	0
        110068	2026-06-03 18:27:35	1	1	1	0
        118548	2026-06-03 18:27:51	1	1	15	0
        116509	2026-06-03 18:28:33	1	1	15	0
        116844	2026-06-03 18:29:31	1	1	15	0
        110534	2026-06-03 18:30:00	1	1	15	0
        119117	2026-06-03 18:30:07	1	1	1	0
        116524	2026-06-03 18:30:45	1	1	15	0
        110472	2026-06-03 18:31:54	1	1	15	0
        110194	2026-06-03 18:34:18	1	1	15	0
        119077	2026-06-03 18:35:25	1	1	1	0
        116738	2026-06-03 18:36:01	1	1	15	0
        116735	2026-06-03 18:36:27	1	1	15	0
        117090	2026-06-03 18:37:16	1	1	15	0
        116152	2026-06-03 18:37:20	1	1	15	0
        117239	2026-06-03 18:38:07	1	1	15	0
        119392	2026-06-03 18:39:02	1	1	15	0
        116466	2026-06-03 18:39:49	1	1	1	0
        119407	2026-06-03 18:40:35	1	1	15	0
        110794	2026-06-03 18:41:51	1	1	15	0
        117273	2026-06-03 18:44:03	1	1	15	0
        116622	2026-06-03 18:47:15	1	1	1	0
        110806	2026-06-03 18:47:21	1	1	15	0
        110531	2026-06-03 18:47:43	1	1	15	0
        110426	2026-06-03 18:48:37	1	1	15	0
        119376	2026-06-03 18:49:25	1	1	15	0
        110362	2026-06-03 18:50:09	1	1	15	0
        118251	2026-06-03 18:51:06	1	1	1	0
        119393	2026-06-03 18:51:15	1	1	15	0
        119443	2026-06-03 18:51:21	1	1	15	0
        110530	2026-06-03 18:51:57	1	1	15	0
        110064	2026-06-03 18:52:08	1	1	15	0
        110115	2026-06-03 18:52:20	1	1	15	0
        116487	2026-06-03 18:52:38	1	1	1	0
        110359	2026-06-03 19:00:19	1	1	15	0
        118398	2026-06-03 19:00:52	1	1	15	0
        116263	2026-06-03 19:00:55	1	1	15	0
        116202	2026-06-03 19:01:17	1	1	15	0
        117518	2026-06-03 19:01:24	1	1	15	0
        117267	2026-06-03 19:02:39	1	1	15	0
        118585	2026-06-03 19:02:55	1	1	15	0
        116712	2026-06-03 19:03:00	1	1	15	0
        116511	2026-06-03 19:03:26	1	1	15	0
        110461	2026-06-03 19:03:30	1	1	15	0
        110149	2026-06-03 19:03:53	1	1	15	0
        118083	2026-06-03 19:04:00	1	1	15	0
        118729	2026-06-03 19:04:50	1	1	15	0
        118694	2026-06-03 19:04:54	1	1	15	0
        118143	2026-06-03 19:10:09	1	1	15	0
        110124	2026-06-03 19:17:10	1	1	15	0
        116434	2026-06-03 19:17:16	1	1	1	0
        118298	2026-06-03 19:17:20	1	1	1	0
        117727	2026-06-03 19:17:27	1	1	15	0
        110361	2026-06-04 06:46:14	1	0	15	0
        118160	2026-06-04 06:51:58	1	0	15	0
        110472	2026-06-04 06:53:49	1	0	15	0
        116442	2026-06-04 06:59:43	1	0	15	0
        110542	2026-06-04 07:00:56	1	0	15	0
        110641	2026-06-04 07:02:30	1	0	15	0
        117090	2026-06-04 07:04:55	1	0	15	0
        110454	2026-06-04 07:05:48	1	0	15	0
        118251	2026-06-04 07:05:53	1	0	1	0
        110045	2026-06-04 07:07:35	1	0	15	0
        110362	2026-06-04 07:12:41	1	0	15	0
        117242	2026-06-04 07:12:48	1	0	1	0
        110115	2026-06-04 07:13:48	1	0	15	0
        116202	2026-06-04 07:13:56	1	0	15	0
        117239	2026-06-04 07:14:43	1	0	15	0
        118143	2026-06-04 07:15:09	1	0	15	0
        118548	2026-06-04 07:15:55	1	0	15	0
        119206	2026-06-04 07:17:03	1	0	15	0
        116466	2026-06-04 07:17:09	1	0	1	0
        119077	2026-06-04 07:17:22	1	0	1	0
        116844	2026-06-04 07:18:53	1	0	15	0
        116622	2026-06-04 07:19:37	1	0	1	0
        118729	2026-06-04 07:20:40	1	0	15	0
        110188	2026-06-04 07:20:44	1	0	15	0
        117185	2026-06-04 07:21:11	1	0	15	0
        116690	2026-06-04 07:22:14	1	0	15	0
        117267	2026-06-04 07:22:47	1	0	15	0
        116434	2026-06-04 07:26:26	1	0	1	0
        110194	2026-06-04 07:26:50	1	0	15	0
        110534	2026-06-04 07:28:28	1	0	15	0
        116524	2026-06-04 07:30:34	1	0	15	0
        117977	2026-06-04 07:30:39	1	0	15	0
        119117	2026-06-04 07:31:17	1	0	1	0
        110646	2026-06-04 07:31:51	1	0	15	0
        119406	2026-06-04 07:34:04	1	0	15	0
        117273	2026-06-04 07:34:39	1	0	15	0
        116738	2026-06-04 07:35:30	1	0	15	0
        119393	2026-06-04 07:36:43	1	0	15	0
        116487	2026-06-04 07:37:40	1	0	15	0
        116735	2026-06-04 07:37:59	1	0	15	0
        118694	2026-06-04 07:39:59	1	0	15	0
        110530	2026-06-04 07:40:42	1	0	15	0
        110064	2026-06-04 07:41:22	1	0	15	0
        119392	2026-06-04 07:41:27	1	0	15	0
        116192	2026-06-04 07:43:56	1	0	15	0
        110531	2026-06-04 07:45:06	1	0	15	0
        118398	2026-06-04 07:47:52	1	0	15	0
        116476	2026-06-04 07:48:03	1	0	15	0
        117727	2026-06-04 07:48:23	1	0	15	0
        117518	2026-06-04 07:48:27	1	0	15	0
        116263	2026-06-04 07:53:50	1	0	15	0
        110124	2026-06-04 07:55:11	1	0	15	0
        119443	2026-06-04 07:55:18	1	0	15	0
        119376	2026-06-04 07:55:52	1	0	15	0
        119407	2026-06-04 07:56:43	1	0	15	0
        110149	2026-06-04 07:59:42	1	0	15	0
        110359	2026-06-04 07:59:53	1	0	15	0
        118083	2026-06-04 08:02:18	1	0	15	0
        110794	2026-06-04 08:08:53	1	0	15	0
        116511	2026-06-04 08:18:46	1	0	15	0
        117398	2026-06-04 08:36:03	1	0	15	0
        110454	2026-06-04 12:01:01	1	2	15	0
        110188	2026-06-04 12:01:34	1	2	15	0
        110542	2026-06-04 12:01:47	1	2	15	0
        118251	2026-06-04 12:02:19	1	2	1	0
        116263	2026-06-04 12:02:29	1	2	15	0
        118398	2026-06-04 12:02:37	1	2	15	0
        110045	2026-06-04 12:03:02	1	2	15	0
        119443	2026-06-04 12:03:17	1	2	15	0
        110064	2026-06-04 12:03:23	1	2	15	0
        116738	2026-06-04 12:03:49	1	2	15	0
        116442	2026-06-04 12:04:16	1	2	15	0
        110362	2026-06-04 12:04:36	1	2	15	0
        116476	2026-06-04 12:04:44	1	2	15	0
        119393	2026-06-04 12:04:48	1	2	15	0
        117398	2026-06-04 12:04:57	1	2	15	0
        110359	2026-06-04 12:05:01	1	2	15	0
        119407	2026-06-04 12:05:05	1	2	15	0
        116192	2026-06-04 12:05:15	1	2	15	0
        117090	2026-06-04 12:05:24	1	2	15	0
        110064	2026-06-04 12:05:32	1	2	15	0
        110045	2026-06-04 12:06:05	1	2	15	0
        116466	2026-06-04 12:06:10	1	2	1	0
        117185	2026-06-04 12:06:17	1	2	15	0
        110188	2026-06-04 12:06:21	1	2	15	0
        117727	2026-06-04 12:06:25	1	2	15	0
        110542	2026-06-04 12:06:33	1	2	15	0
        119206	2026-06-04 12:06:38	1	2	15	0
        110646	2026-06-04 12:06:44	1	2	15	0
        118251	2026-06-04 12:07:06	1	2	1	0
        119393	2026-06-04 12:07:12	1	2	15	0
        119443	2026-06-04 12:07:18	1	2	15	0
        117398	2026-06-04 12:07:28	1	2	15	0
        116263	2026-06-04 12:07:33	1	2	15	0
        118398	2026-06-04 12:07:43	1	2	15	0
        119117	2026-06-04 12:08:18	1	2	1	0
        110194	2026-06-04 12:08:32	1	2	15	0
        110530	2026-06-04 12:08:47	1	2	15	0
        116622	2026-06-04 12:08:52	1	2	1	0
        119376	2026-06-04 12:09:04	1	2	15	0
        116192	2026-06-04 12:09:11	1	2	15	0
        117090	2026-06-04 12:09:15	1	2	15	0
        116690	2026-06-04 12:09:20	1	2	15	0
        116487	2026-06-04 12:09:24	1	2	1	0
        110359	2026-06-04 12:09:30	1	2	15	0
        118548	2026-06-04 12:09:35	1	2	15	0
        119406	2026-06-04 12:09:42	1	2	15	0
        110531	2026-06-04 12:09:52	1	2	15	0
        117242	2026-06-04 12:09:58	1	2	1	0
        119206	2026-06-04 12:10:04	1	2	15	0
        110362	2026-06-04 12:10:09	1	2	15	0
        116202	2026-06-04 12:10:19	1	2	15	0
        117518	2026-06-04 12:10:25	1	2	15	0
        110454	2026-06-04 12:11:29	1	2	15	0
        118729	2026-06-04 12:11:36	1	2	15	0
        118694	2026-06-04 12:11:44	1	2	15	0
        110794	2026-06-04 12:12:02	1	2	15	0
        116476	2026-06-04 12:12:33	1	2	15	0
        116690	2026-06-04 12:12:43	1	2	15	0
        110530	2026-06-04 12:13:05	1	2	15	0
        116622	2026-06-04 12:13:12	1	2	1	0
        119406	2026-06-04 12:13:24	1	2	15	0
        116202	2026-06-04 12:13:40	1	2	15	0
        119376	2026-06-04 12:13:51	1	2	15	0
        118548	2026-06-04 12:13:57	1	2	15	0
        117518	2026-06-04 12:14:06	1	2	15	0
        110531	2026-06-04 12:14:17	1	2	15	0
        119117	2026-06-04 12:14:23	1	2	1	0
        110646	2026-06-04 12:14:30	1	2	15	0
        118143	2026-06-04 12:14:41	1	2	15	0
        117977	2026-06-04 12:15:12	1	2	15	0
        116442	2026-06-04 12:15:25	1	0	15	0
        119407	2026-06-04 12:15:51	1	0	15	0
        116511	2026-06-04 12:16:09	1	0	15	0
        118143	2026-06-04 12:16:58	1	2	15	0
        110461	2026-06-04 12:17:53	1	2	15	0
        117977	2026-06-04 12:18:16	1	2	15	0
        118083	2026-06-04 12:19:03	1	2	15	0
        118160	2026-06-04 12:19:57	1	2	15	0
        110534	2026-06-04 12:20:35	1	2	15	0
        110194	2026-06-04 12:21:00	1	2	15	0
        118160	2026-06-04 12:21:22	1	2	15	0
        110426	2026-06-04 12:22:10	1	2	15	0
        110534	2026-06-04 12:23:37	1	2	15	0
        118083	2026-06-04 12:23:47	1	2	15	0
        110794	2026-06-04 12:24:47	1	2	15	0
        118729	2026-06-04 12:25:06	1	2	15	0
        118694	2026-06-04 12:25:12	1	2	15	0
        116844	2026-06-04 12:25:16	1	2	15	0
        110149	2026-06-04 12:28:10	1	2	15	0
        116844	2026-06-04 12:28:20	1	2	15	0
        116487	2026-06-04 12:28:35	1	2	1	0
        116511	2026-06-04 12:29:24	1	2	15	0
        110115	2026-06-04 12:31:30	1	3	15	0
        116466	2026-06-04 12:36:13	1	3	1	0
        110472	2026-06-04 12:36:37	1	3	15	0
        116524	2026-06-04 12:36:51	1	3	15	0
        117239	2026-06-04 12:36:54	1	3	15	0
        117727	2026-06-04 12:38:13	1	3	15	0
        117185	2026-06-04 12:39:18	1	3	15	0
        116738	2026-06-04 12:39:47	1	3	15	0
        110115	2026-06-04 12:40:38	1	3	15	0
        117239	2026-06-04 12:41:20	1	3	15	0
        110472	2026-06-04 12:41:26	1	3	15	0
        116524	2026-06-04 12:41:29	1	3	15	0
        117242	2026-06-04 12:41:43	1	3	1	0
        110461	2026-06-04 12:43:43	1	3	15	0
        110149	2026-06-04 12:50:25	1	3	15	0
        110124	2026-06-04 12:51:05	1	3	15	0
        119392	2026-06-04 12:56:24	1	3	15	0
        110124	2026-06-04 12:56:52	1	3	15	0
        119077	2026-06-04 12:58:22	1	3	1	0
        119392	2026-06-04 12:59:10	1	3	15	0
        119077	2026-06-04 12:59:29	1	3	1	0
        116476	2026-06-04 17:24:11	1	1	15	0
        117398	2026-06-04 17:54:27	1	1	15	0
        110472	2026-06-04 18:02:21	1	1	15	0
        110542	2026-06-04 18:02:32	1	1	15	0
        116622	2026-06-04 18:03:32	1	1	1	0
        110454	2026-06-04 18:03:52	1	1	15	0
        118160	2026-06-04 18:09:10	1	1	15	0
        116712	2026-06-04 18:11:00	1	1	15	0
        110641	2026-06-04 18:11:27	1	1	15	0
        110361	2026-06-04 18:11:30	1	1	15	0
        116442	2026-06-04 18:17:50	1	1	15	0
        119077	2026-06-04 18:17:58	1	1	1	0
        119206	2026-06-04 18:18:14	1	1	15	0
        110534	2026-06-04 18:20:09	1	1	15	0
        110362	2026-06-04 18:21:01	1	1	15	0
        118548	2026-06-04 18:25:54	1	1	15	0
        116690	2026-06-04 18:26:57	1	1	15	0
        116844	2026-06-04 18:28:14	1	1	15	0
        110188	2026-06-04 18:30:34	1	1	15	0
        110426	2026-06-04 18:30:41	1	1	15	0
        117267	2026-06-04 18:32:20	1	1	15	0
        110194	2026-06-04 18:32:24	1	1	15	0
        110115	2026-06-04 18:33:29	1	1	15	0
        110646	2026-06-04 18:33:37	1	1	15	0
        116202	2026-06-04 18:33:48	1	1	15	0
        116735	2026-06-04 18:39:45	1	1	15	0
        119117	2026-06-04 18:39:50	1	1	1	0
        119392	2026-06-04 18:42:05	1	1	15	0
        110064	2026-06-04 18:42:47	1	1	15	0
        117977	2026-06-04 18:43:07	1	1	15	0
        110530	2026-06-04 18:43:43	1	1	15	0
        116738	2026-06-04 18:45:45	1	1	15	0
        110531	2026-06-04 18:47:22	1	1	15	0
        118694	2026-06-04 18:50:37	1	1	15	0
        119407	2026-06-04 18:54:02	1	1	15	0
        119393	2026-06-04 18:54:34	1	1	15	0
        118251	2026-06-04 18:54:44	1	1	1	0
        118398	2026-06-04 18:54:50	1	1	15	0
        116263	2026-06-04 18:55:05	1	1	15	0
        119443	2026-06-04 18:55:13	1	1	15	0
        119376	2026-06-04 18:57:30	1	1	15	0
        116192	2026-06-04 18:58:24	1	1	15	0
        118143	2026-06-04 18:58:56	1	1	15	0
        110359	2026-06-04 19:00:11	1	1	15	0
        118083	2026-06-04 19:02:53	1	1	15	0
        117239	2026-06-04 19:03:06	1	1	15	0
        117242	2026-06-04 19:03:21	1	1	1	0
        116487	2026-06-04 19:06:26	1	1	1	0
        116524	2026-06-04 19:11:28	1	1	15	0
        110149	2026-06-04 19:16:15	1	1	15	0
        117518	2026-06-04 19:21:41	1	1	15	0
        119406	2026-06-04 19:21:46	1	1	15	0
        116466	2026-06-04 19:22:42	1	1	1	0
        117727	2026-06-04 19:22:49	1	1	15	0
        116434	2026-06-04 19:22:55	1	1	1	0
        110124	2026-06-04 19:23:05	1	1	15	0
        116511	2026-06-04 19:23:10	1	1	15	0
        110461	2026-06-04 19:23:15	1	1	15	0
        117090	2026-06-04 19:30:03	1	1	15	0
        118729	2026-06-04 19:38:23	1	1	15	0
        110794	2026-06-04 19:44:52	1	1	15	0
        116096	2026-06-05 07:56:27	1	0	15	0
        116476	2026-06-05 08:17:51	1	0	15	0
        117398	2026-06-05 08:36:50	1	0	15	0
        116476	2026-06-05 12:05:14	1	2	15	0
        117398	2026-06-05 12:07:22	1	2	15	0
        117398	2026-06-05 12:11:06	1	2	15	0
        116476	2026-06-05 12:30:26	1	2	15	0
        116476	2026-06-05 17:11:17	1	1	15	0
        117398	2026-06-05 17:19:52	1	1	15	0
        117398	2026-06-06 07:15:20	1	0	15	0
        117398	2026-06-06 12:04:07	1	2	15	0
        117398	2026-06-06 12:09:04	1	2	15	0
        116738	2026-06-08 04:28:21	1	0	15	0
        118548	2026-06-08 05:57:35	1	0	15	0
        116271	2026-06-08 06:03:38	1	0	15	0
        110362	2026-06-08 06:08:00	1	0	15	0
        117775	2026-06-08 06:16:45	1	0	15	0
        117451	2026-06-08 06:25:07	1	0	15	0
        117622	2026-06-08 06:28:08	1	0	15	0
        119040	2026-06-08 06:28:17	1	0	15	0
        118585	2026-06-08 06:31:49	1	0	15	0
        118160	2026-06-08 06:34:52	1	0	15	0
        110045	2026-06-08 06:35:09	1	0	15	0
        117656	2026-06-08 06:43:54	1	0	15	0
        110794	2026-06-08 06:49:26	1	0	15	0
        119407	2026-06-08 06:51:46	1	0	15	0
        110542	2026-06-08 06:57:18	1	0	15	0
        119406	2026-06-08 06:58:27	1	0	15	0
        119206	2026-06-08 06:58:36	1	0	15	0
        118125	2026-06-08 06:58:41	1	0	15	0
        116509	2026-06-08 06:59:12	1	0	15	0
        118729	2026-06-08 06:59:54	1	0	15	0
        117090	2026-06-08 07:00:21	1	0	15	0
        110454	2026-06-08 07:02:05	1	0	15	0
        116690	2026-06-08 07:02:58	1	0	15	0
        119464	2026-06-08 07:05:57	1	0	15	0
        110641	2026-06-08 07:06:49	1	0	15	0
        117273	2026-06-08 07:07:24	1	0	15	0
        110361	2026-06-08 07:15:19	1	0	15	0
        116202	2026-06-08 07:15:38	1	0	15	0
        110534	2026-06-08 07:19:40	1	0	15	0
        117242	2026-06-08 07:20:40	1	0	1	0
        118251	2026-06-08 07:22:18	1	0	1	0
        116192	2026-06-08 07:24:08	1	0	15	0
        116712	2026-06-08 07:24:42	1	0	15	0
        119117	2026-06-08 07:24:47	1	0	1	0
        116622	2026-06-08 07:26:18	1	0	1	0
        116825	2026-06-08 07:26:24	1	0	15	0
        110429	2026-06-08 07:28:44	1	0	15	0
        116844	2026-06-08 07:28:49	1	0	15	0
        117518	2026-06-08 07:32:22	1	0	15	0
        117977	2026-06-08 07:34:00	1	0	15	0
        119376	2026-06-08 07:36:27	1	0	15	0
        110461	2026-06-08 07:37:43	1	0	15	0
        118143	2026-06-08 07:47:17	1	0	15	0
        110124	2026-06-08 08:05:28	1	0	15	0
        110531	2026-06-08 08:06:39	1	0	15	0
        110530	2026-06-08 08:06:47	1	0	15	0
        110646	2026-06-08 08:06:57	1	0	15	0
        116735	2026-06-08 08:07:53	1	0	15	0
        116829	2026-06-08 08:26:59	1	0	1	0
        118146	2026-06-09 06:23:04	1	0	15	0
        117451	2026-06-09 06:38:50	1	0	15	0
        119077	2026-06-09 06:44:30	1	0	1	0
        116509	2026-06-09 06:48:43	1	0	15	0
        110534	2026-06-09 06:49:52	1	0	15	0
        118160	2026-06-09 06:50:43	1	0	15	0
        118548	2026-06-09 06:50:46	1	0	15	0
        110542	2026-06-09 06:51:39	1	0	15	0
        116690	2026-06-09 06:52:31	1	0	15	0
        117090	2026-06-09 06:53:31	1	0	15	0
        110794	2026-06-09 07:00:45	1	0	15	0
        118729	2026-06-09 07:02:08	1	0	15	0
        118694	2026-06-09 07:02:17	1	0	15	0
        110641	2026-06-09 07:03:42	1	0	15	0
        119117	2026-06-09 07:05:20	1	0	1	0
        119406	2026-06-09 07:05:47	1	0	15	0
        116202	2026-06-09 07:05:52	1	0	15	0
        119393	2026-06-09 07:06:58	1	0	15	0
        117656	2026-06-09 07:07:21	1	0	15	0
        116712	2026-06-09 07:09:26	1	0	15	0
        110362	2026-06-09 07:10:31	1	0	15	0
        110045	2026-06-09 07:14:13	1	0	15	0
        116622	2026-06-09 07:18:43	1	0	1	0
        116735	2026-06-09 07:19:39	1	0	15	0
        117242	2026-06-09 07:20:27	1	0	1	0
        110068	2026-06-09 07:22:08	1	0	1	0
        119443	2026-06-09 07:22:12	1	0	15	0
        110429	2026-06-09 07:22:50	1	0	15	0
        117273	2026-06-09 07:26:16	1	0	15	0
        110426	2026-06-09 07:26:22	1	0	15	0
        118298	2026-06-09 07:26:41	1	0	1	0
        116844	2026-06-09 07:27:02	1	0	15	0
        116152	2026-06-09 07:27:08	1	0	15	0
        118143	2026-06-09 07:27:14	1	0	15	0
        110646	2026-06-09 07:28:50	1	0	15	0
        110531	2026-06-09 07:31:42	1	0	15	0
        110543	2026-06-09 07:31:50	1	0	15	0
        117267	2026-06-09 07:34:29	1	0	15	0
        116007	2026-06-09 07:35:01	1	0	1	0
        116192	2026-06-09 07:35:43	1	0	15	0
        119376	2026-06-09 07:35:54	1	0	15	0
        118251	2026-06-09 07:36:11	1	0	1	0
        118398	2026-06-09 07:37:58	1	0	15	0
        117518	2026-06-09 07:41:40	1	0	15	0
        110806	2026-06-09 07:45:01	1	0	15	0
        110530	2026-06-09 07:45:16	1	0	15	0
        119392	2026-06-09 07:47:34	1	0	15	0
        117274	2026-06-09 07:48:48	1	0	15	0
        116263	2026-06-09 07:54:19	1	0	15	0
        116511	2026-06-09 07:55:35	1	0	15	0
        110461	2026-06-09 07:55:49	1	0	15	0
        110124	2026-06-09 08:05:41	1	0	15	0
        116487	2026-06-09 08:07:31	1	0	15	0
        116096	2026-06-09 08:10:08	1	0	15	0
        110359	2026-06-09 08:17:55	1	0	15	0
        116829	2026-06-09 08:20:00	1	0	15	0
        116476	2026-06-09 08:21:37	1	0	15	0
        117398	2026-06-09 08:29:50	1	0	15	0
        116712	2026-06-09 12:01:04	1	2	15	0
        118251	2026-06-09 12:01:27	1	2	1	0
        116263	2026-06-09 12:01:38	1	2	15	0
        119393	2026-06-09 12:01:41	1	2	15	0
        118398	2026-06-09 12:02:12	1	2	15	0
        110794	2026-06-09 12:02:18	1	2	15	0
        110045	2026-06-09 12:03:16	1	2	15	0
        116712	2026-06-09 12:03:20	1	2	15	0
        119443	2026-06-09 12:03:35	1	2	15	0
        110362	2026-06-09 12:03:39	1	2	15	0
        117977	2026-06-09 12:03:45	1	2	15	0
        110646	2026-06-09 12:03:49	1	2	15	0
        110361	2026-06-09 12:03:56	1	2	15	0
        117242	2026-06-09 12:04:00	1	2	1	0
        118160	2026-06-09 12:05:16	1	2	15	0
        110534	2026-06-09 12:05:24	1	2	15	0
        110543	2026-06-09 12:05:30	1	2	15	0
        117398	2026-06-09 12:05:37	1	2	15	0
        117656	2026-06-09 12:05:46	1	2	15	0
        116735	2026-06-09 12:05:51	1	2	15	0
        117267	2026-06-09 12:05:56	1	2	15	0
        110641	2026-06-09 12:06:00	1	2	15	0
        119443	2026-06-09 12:06:13	1	2	15	0
        118251	2026-06-09 12:06:17	1	2	1	0
        119393	2026-06-09 12:06:25	1	2	15	0
        116263	2026-06-09 12:06:30	1	2	15	0
        118398	2026-06-09 12:06:36	1	2	15	0
        118160	2026-06-09 12:06:59	1	2	15	0
        110794	2026-06-09 12:07:23	1	2	15	0
        117656	2026-06-09 12:08:04	1	2	15	0
        119117	2026-06-09 12:08:08	1	2	1	0
        116622	2026-06-09 12:08:14	1	2	1	0
        110806	2026-06-09 12:08:20	1	2	15	0
        110534	2026-06-09 12:08:26	1	2	15	0
        110543	2026-06-09 12:08:32	1	2	15	0
        110531	2026-06-09 12:08:37	1	2	15	0
        116690	2026-06-09 12:08:42	1	2	15	0
        117977	2026-06-09 12:08:45	1	2	15	0
        110426	2026-06-09 12:08:51	1	2	15	0
        110530	2026-06-09 12:09:07	1	2	15	0
        110045	2026-06-09 12:09:18	1	2	15	0
        118548	2026-06-09 12:09:23	1	2	15	0
        110068	2026-06-09 12:09:43	1	2	1	0
        116192	2026-06-09 12:10:01	1	2	15	0
        117090	2026-06-09 12:10:05	1	2	15	0
        117398	2026-06-09 12:10:11	1	2	15	0
        119376	2026-06-09 12:10:50	1	2	15	0
        118146	2026-06-09 12:11:42	1	2	15	0
        117242	2026-06-09 12:12:04	1	2	1	0
        116152	2026-06-09 12:12:40	1	2	15	0
        110646	2026-06-09 12:12:58	1	2	15	0
        116202	2026-06-09 12:13:30	1	2	15	0
        110531	2026-06-09 12:13:38	1	2	15	0
        116690	2026-06-09 12:13:43	1	2	15	0
        110426	2026-06-09 12:13:48	1	2	15	0
        110530	2026-06-09 12:14:04	1	2	15	0
        110806	2026-06-09 12:14:19	1	2	15	0
        116622	2026-06-09 12:14:23	1	2	1	0
        117090	2026-06-09 12:14:29	1	2	15	0
        116192	2026-06-09 12:14:33	1	2	15	0
        110068	2026-06-09 12:14:37	1	2	1	0
        119117	2026-06-09 12:14:41	1	2	1	0
        118548	2026-06-09 12:14:47	1	2	15	0
        119376	2026-06-09 12:14:52	1	2	15	0
        110359	2026-06-09 12:14:57	1	2	15	0
        110362	2026-06-09 12:15:04	1	2	15	0
        116152	2026-06-09 12:15:09	1	2	15	0
        117273	2026-06-09 12:15:13	1	2	15	0
        117518	2026-06-09 12:15:44	1	2	15	0
        110124	2026-06-09 12:16:02	1	2	15	0
        119406	2026-06-09 12:16:42	1	2	15	0
        116202	2026-06-09 12:17:22	1	2	15	0
        116511	2026-06-09 12:17:58	1	2	15	0
        118298	2026-06-09 12:18:04	1	2	1	0
        116509	2026-06-09 12:18:16	1	2	15	0
        110429	2026-06-09 12:18:21	1	2	15	0
        116844	2026-06-09 12:19:22	1	2	15	0
        117518	2026-06-09 12:19:44	1	2	15	0
        110641	2026-06-09 12:19:49	1	2	15	0
        116007	2026-06-09 12:20:29	1	2	1	0
        116476	2026-06-09 12:20:41	1	2	15	0
        116096	2026-06-09 12:21:24	1	2	15	0
        117274	2026-06-09 12:21:38	1	2	15	0
        116829	2026-06-09 12:21:42	1	2	15	0
        116487	2026-06-09 12:22:51	1	2	1	0
        110124	2026-06-09 12:24:10	1	2	1	0
        116844	2026-06-09 12:24:16	1	2	15	0
        119406	2026-06-09 12:24:22	1	2	15	0
        118298	2026-06-09 12:25:00	1	2	1	0
        116509	2026-06-09 12:25:07	1	2	15	0
        116487	2026-06-09 12:25:20	1	2	1	0
        116096	2026-06-09 12:25:37	1	2	15	0
        116829	2026-06-09 12:25:40	1	2	15	0
        117274	2026-06-09 12:26:11	1	2	15	0
        110542	2026-06-09 12:27:05	1	2	15	0
        118729	2026-06-09 12:27:30	1	2	15	0
        118694	2026-06-09 12:27:34	1	2	15	0
        116007	2026-06-09 12:29:05	1	2	1	0
        117273	2026-06-09 12:29:11	1	2	15	0
        116735	2026-06-09 12:29:16	1	2	15	0
        117267	2026-06-09 12:29:23	1	2	15	0
        110359	2026-06-09 12:29:30	1	2	15	0
        116476	2026-06-09 12:29:41	1	2	15	0
        118729	2026-06-09 12:30:08	1	2	15	0
        118694	2026-06-09 12:30:13	1	2	15	0
        116511	2026-06-09 12:31:03	1	3	15	0
        110429	2026-06-09 12:31:17	1	3	15	0
        110542	2026-06-09 12:31:45	1	3	15	0
        110461	2026-06-09 12:32:14	1	3	15	0
        117451	2026-06-09 12:36:51	1	3	15	0
        117451	2026-06-09 12:38:10	1	3	15	0
        118146	2026-06-09 12:38:15	1	3	15	0
        110461	2026-06-09 12:42:36	1	3	15	0
        119077	2026-06-09 12:52:17	1	3	1	0
        118143	2026-06-09 12:54:46	1	3	15	0
        119077	2026-06-09 12:54:56	1	3	1	0
        119392	2026-06-09 12:57:15	1	3	15	0
        118143	2026-06-09 12:57:22	1	3	15	0
        119392	2026-06-09 12:59:08	1	3	15	0
        110542	2026-06-09 15:11:33	1	3	15	0
        116690	2026-06-09 16:31:43	1	1	15	0
        110534	2026-06-09 16:40:02	1	1	15	0
        116476	2026-06-09 17:11:18	1	1	15	0
        110543	2026-06-09 17:13:05	1	1	15	0
        117398	2026-06-09 17:30:46	1	1	15	0
        110361	2026-06-09 18:01:28	1	1	15	0
        110641	2026-06-09 18:01:38	1	1	15	0
        110045	2026-06-09 18:03:22	1	1	15	0
        116509	2026-06-09 18:05:48	1	1	15	0
        119406	2026-06-09 18:06:53	1	1	15	0
        118160	2026-06-09 18:08:17	1	1	15	0
        117090	2026-06-09 18:08:23	1	1	15	0
        117656	2026-06-09 18:09:17	1	1	15	0
        110362	2026-06-09 18:10:13	1	1	15	0
        119077	2026-06-09 18:10:34	1	1	1	0
        118146	2026-06-09 18:10:58	1	1	15	0
        119117	2026-06-09 18:12:11	1	1	1	0
        118548	2026-06-09 18:12:34	1	1	15	0
        116712	2026-06-09 18:12:46	1	1	15	0
        117451	2026-06-09 18:13:01	1	1	15	0
        110794	2026-06-09 18:19:20	1	1	15	0
        116622	2026-06-09 18:20:16	1	1	1	0
        110429	2026-06-09 18:22:36	1	1	15	0
        117242	2026-06-09 18:23:01	1	1	1	0
        116202	2026-06-09 18:23:08	1	1	15	0
        117273	2026-06-09 18:24:47	1	1	15	0
        110426	2026-06-09 18:27:03	1	1	15	0
        110646	2026-06-09 18:28:10	1	1	15	0
        116735	2026-06-09 18:29:01	1	1	15	0
        110068	2026-06-09 18:30:07	1	1	1	0
        116152	2026-06-09 18:30:13	1	1	15	0
        119443	2026-06-09 18:30:46	1	1	15	0
        118251	2026-06-09 18:30:52	1	1	1	0
        119393	2026-06-09 18:30:57	1	1	15	0
        116844	2026-06-09 18:31:00	1	1	15	0
        119376	2026-06-09 18:31:05	1	1	15	0
        110531	2026-06-09 18:31:12	1	1	15	0
        117267	2026-06-09 18:36:16	1	1	15	0
        116192	2026-06-09 18:36:29	1	1	15	0
        118694	2026-06-09 18:38:08	1	1	15	0
        118729	2026-06-09 18:38:22	1	1	15	0
        116007	2026-06-09 18:38:38	1	1	1	0
        117518	2026-06-09 18:44:31	1	1	15	0
        110530	2026-06-09 18:46:21	1	1	15	0
        110806	2026-06-09 18:46:25	1	1	15	0
        118143	2026-06-09 18:47:27	1	1	15	0
        119392	2026-06-09 18:48:29	1	1	15	0
        118298	2026-06-09 18:53:00	1	1	1	0
        118398	2026-06-09 18:54:03	1	1	15	0
        116263	2026-06-09 18:55:31	1	1	15	0
        110359	2026-06-09 19:00:46	1	1	15	0
        116487	2026-06-09 19:01:01	1	1	1	0
        117977	2026-06-09 19:04:06	1	1	15	0
        110124	2026-06-09 19:06:53	1	1	15	0
        116511	2026-06-09 19:06:58	1	1	15	0
        110461	2026-06-09 19:07:03	1	1	15	0
        116096	2026-06-09 19:18:52	1	1	15	0
        117274	2026-06-09 19:19:08	1	1	15	0
        116829	2026-06-09 19:19:13	1	1	15	0
        118146	2026-06-10 05:57:57	1	0	15	0
        117775	2026-06-10 06:21:44	1	0	15	0
        117451	2026-06-10 06:23:29	1	0	15	0
        116825	2026-06-10 06:31:21	1	0	15	0
        118160	2026-06-10 06:40:09	1	0	15	0
        118548	2026-06-10 06:40:15	1	0	15	0
        110542	2026-06-10 06:41:26	1	0	15	0
        119406	2026-06-10 06:53:20	1	0	15	0
        110045	2026-06-10 06:53:27	1	0	15	0
        117090	2026-06-10 06:58:42	1	0	15	0
        110794	2026-06-10 07:01:48	1	0	15	0
        110362	2026-06-10 07:04:45	1	0	15	0
        110454	2026-06-10 07:05:22	1	0	15	0
        110641	2026-06-10 07:08:26	1	0	15	0
        116202	2026-06-10 07:10:39	1	0	15	0
        119077	2026-06-10 07:11:14	1	0	1	0
        116690	2026-06-10 07:11:22	1	0	15	0
        117656	2026-06-10 07:12:22	1	0	15	0
        110646	2026-06-10 07:12:48	1	0	15	0
        119393	2026-06-10 07:15:04	1	0	15	0
        118251	2026-06-10 07:15:08	1	0	1	0
        117273	2026-06-10 07:15:17	1	0	15	0
        119117	2026-06-10 07:16:07	1	0	1	0
        116159	2026-06-10 07:16:47	1	0	15	0
        110188	2026-06-10 07:16:52	1	0	15	0
        116622	2026-06-10 07:22:42	1	0	1	0
        119206	2026-06-10 07:27:18	1	0	15	0
        116844	2026-06-10 07:27:26	1	0	15	0
        119040	2026-06-10 07:29:02	1	0	15	0
        116271	2026-06-10 07:29:06	1	0	15	0
        118143	2026-06-10 07:29:47	1	0	15	0
        117977	2026-06-10 07:30:03	1	0	15	0
        116735	2026-06-10 07:33:12	1	0	15	0
        116192	2026-06-10 07:34:12	1	0	15	0
        116152	2026-06-10 07:34:39	1	0	15	0
        110530	2026-06-10 07:34:45	1	0	15	0
        110426	2026-06-10 07:35:13	1	0	15	0
        110531	2026-06-10 07:37:05	1	0	15	0
        118298	2026-06-10 07:37:49	1	0	1	0
        117518	2026-06-10 07:40:42	1	0	15	0
        116487	2026-06-10 07:43:08	1	0	15	0
        110429	2026-06-10 07:44:38	1	0	15	0
        116263	2026-06-10 07:46:23	1	0	15	0
        117267	2026-06-10 07:49:51	1	0	15	0
        119376	2026-06-10 07:50:53	1	0	15	0
        110806	2026-06-10 07:52:43	1	0	15	0
        119443	2026-06-10 07:54:40	1	0	15	0
        118083	2026-06-10 07:58:30	1	0	15	0
        110124	2026-06-10 07:58:55	1	0	1	0
        117274	2026-06-10 07:59:07	1	0	15	0
        116712	2026-06-10 08:00:44	1	0	15	0
        116829	2026-06-10 08:01:32	1	0	15	0
        118585	2026-06-10 08:07:27	1	0	15	0
        118729	2026-06-10 08:09:06	1	0	15	0
        118694	2026-06-10 08:09:14	1	0	15	0
        116511	2026-06-10 08:12:59	1	0	15	0
        110461	2026-06-10 08:13:04	1	0	15	0
        116476	2026-06-10 08:17:20	1	0	15	0
        110359	2026-06-10 08:28:42	1	0	15	0
        117398	2026-06-10 08:40:17	1	0	15	0
        119392	2026-06-10 09:42:15	1	0	15	0
        118398	2026-06-10 10:06:57	1	0	15	0
        117775	2026-06-10 12:00:16	1	2	15	0
        117977	2026-06-10 12:00:21	1	2	15	0
        110454	2026-06-10 12:00:41	1	2	15	0
        117274	2026-06-10 12:01:13	1	2	15	0
        110542	2026-06-10 12:01:19	1	2	15	0
        116829	2026-06-10 12:01:25	1	2	15	0
        117398	2026-06-10 12:01:35	1	2	15	0
        110045	2026-06-10 12:01:53	1	2	15	0
        110188	2026-06-10 12:01:59	1	2	15	0
        117656	2026-06-10 12:02:04	1	2	15	0
        119206	2026-06-10 12:02:14	1	2	15	0
        116152	2026-06-10 12:02:38	1	2	15	0
        118398	2026-06-10 12:02:43	1	2	15	0
        117977	2026-06-10 12:03:04	1	2	15	0
        116271	2026-06-10 12:03:15	1	2	15	0
        119040	2026-06-10 12:03:20	1	2	15	0
        117775	2026-06-10 12:03:26	1	2	15	0
        119117	2026-06-10 12:03:32	1	2	1	0
        116192	2026-06-10 12:03:39	1	2	15	0
        117090	2026-06-10 12:03:42	1	2	15	0
        110359	2026-06-10 12:03:46	1	2	15	0
        119376	2026-06-10 12:03:57	1	2	15	0
        118548	2026-06-10 12:04:04	1	2	15	0
        110530	2026-06-10 12:04:21	1	2	15	0
        110531	2026-06-10 12:04:29	1	2	15	0
        117274	2026-06-10 12:04:36	1	2	15	0
        116829	2026-06-10 12:04:39	1	2	15	0
        110362	2026-06-10 12:04:50	1	2	15	0
        110361	2026-06-10 12:04:58	1	2	15	0
        116476	2026-06-10 12:05:03	1	2	15	0
        110641	2026-06-10 12:05:08	1	2	15	0
        110454	2026-06-10 12:05:14	1	2	15	0
        119393	2026-06-10 12:05:47	1	2	15	0
        118398	2026-06-10 12:05:52	1	2	15	0
        118251	2026-06-10 12:06:04	1	2	1	0
        119443	2026-06-10 12:06:11	1	2	15	0
        116263	2026-06-10 12:06:19	1	2	15	0
        116152	2026-06-10 12:06:24	1	2	15	0
        117656	2026-06-10 12:06:38	1	2	15	0
        110188	2026-06-10 12:06:42	1	2	15	0
        119406	2026-06-10 12:06:51	1	2	15	0
        119376	2026-06-10 12:06:57	1	2	15	0
        119117	2026-06-10 12:07:02	1	2	1	0
        119206	2026-06-10 12:07:08	1	2	15	0
        116192	2026-06-10 12:07:19	1	2	15	0
        117090	2026-06-10 12:07:22	1	2	15	0
        119040	2026-06-10 12:07:34	1	2	15	0
        110359	2026-06-10 12:07:39	1	2	15	0
        110429	2026-06-10 12:07:48	1	2	15	0
        116202	2026-06-10 12:07:53	1	2	15	0
        116690	2026-06-10 12:07:59	1	2	15	0
        116622	2026-06-10 12:08:02	1	2	1	0
        110806	2026-06-10 12:08:08	1	2	15	0
        110426	2026-06-10 12:08:12	1	2	15	0
        118160	2026-06-10 12:08:49	1	2	15	0
        118548	2026-06-10 12:08:54	1	2	15	0
        110542	2026-06-10 12:09:02	1	2	15	0
        110530	2026-06-10 12:09:15	1	2	15	0
        119406	2026-06-10 12:09:26	1	2	15	0
        110531	2026-06-10 12:09:33	1	2	15	0
        110362	2026-06-10 12:09:37	1	2	15	0
        116271	2026-06-10 12:09:41	1	2	15	0
        118251	2026-06-10 12:10:29	1	2	1	0
        119443	2026-06-10 12:10:36	1	2	15	0
        119393	2026-06-10 12:10:40	1	2	15	0
        116263	2026-06-10 12:10:46	1	2	15	0
        110045	2026-06-10 12:10:52	1	2	15	0
        110646	2026-06-10 12:11:00	1	2	15	0
        117518	2026-06-10 12:11:12	1	2	15	0
        116690	2026-06-10 12:12:20	1	2	15	0
        116202	2026-06-10 12:12:26	1	2	15	0
        118298	2026-06-10 12:12:38	1	2	1	0
        117398	2026-06-10 12:12:55	1	2	15	0
        110806	2026-06-10 12:13:05	1	2	15	0
        116622	2026-06-10 12:13:13	1	2	1	0
        110426	2026-06-10 12:13:24	1	2	15	0
        118146	2026-06-10 12:13:30	1	2	15	0
        116844	2026-06-10 12:13:53	1	2	15	0
        118160	2026-06-10 12:14:01	1	2	15	0
        117518	2026-06-10 12:14:09	1	2	15	0
        116825	2026-06-10 12:14:46	1	2	15	0
        116476	2026-06-10 12:15:44	1	2	15	0
        116844	2026-06-10 12:16:20	1	2	15	0
        118083	2026-06-10 12:16:59	1	2	15	0
        110641	2026-06-10 12:17:06	1	2	15	0
        110461	2026-06-10 12:17:11	1	2	15	0
        117451	2026-06-10 12:17:17	1	2	15	0
        116825	2026-06-10 12:18:53	1	2	15	0
        116487	2026-06-10 12:19:29	1	2	1	0
        117451	2026-06-10 12:20:04	1	2	15	0
        118083	2026-06-10 12:20:24	1	2	15	0
        116735	2026-06-10 12:21:23	1	2	15	0
        117267	2026-06-10 12:21:28	1	2	15	0
        110124	2026-06-10 12:22:59	1	2	1	0
        118298	2026-06-10 12:23:40	1	2	1	0
        110429	2026-06-10 12:24:00	1	2	15	0
        118729	2026-06-10 12:25:10	1	2	15	0
        118694	2026-06-10 12:25:15	1	2	15	0
        110646	2026-06-10 12:25:20	1	2	15	0
        110124	2026-06-10 12:27:37	1	2	1	0
        116511	2026-06-10 12:28:15	1	2	15	0
        117267	2026-06-10 12:31:31	1	3	15	0
        116735	2026-06-10 12:31:35	1	3	15	0
        118729	2026-06-10 12:32:23	1	3	15	0
        118694	2026-06-10 12:32:28	1	3	15	0
        116511	2026-06-10 12:32:32	1	3	15	0
        118146	2026-06-10 12:33:35	1	3	15	0
        117273	2026-06-10 12:34:59	1	3	15	0
        116159	2026-06-10 12:35:16	1	3	15	0
        116712	2026-06-10 12:37:50	1	3	15	0
        117273	2026-06-10 12:39:12	1	3	15	0
        116712	2026-06-10 12:39:19	1	3	15	0
        110461	2026-06-10 12:40:10	1	3	15	0
        116159	2026-06-10 12:41:07	1	3	15	0
        116487	2026-06-10 12:46:50	1	3	15	0
        118143	2026-06-10 12:47:01	1	3	15	0
        118143	2026-06-10 12:49:13	1	3	15	0
        119077	2026-06-10 12:49:46	1	3	1	0
        110794	2026-06-10 12:50:48	1	3	15	0
        119077	2026-06-10 12:51:38	1	3	1	0
        118585	2026-06-10 12:52:01	1	3	15	0
        117622	2026-06-10 12:52:12	1	3	15	0
        119392	2026-06-10 12:53:11	1	3	15	0
        110794	2026-06-10 12:54:11	1	3	15	0
        118585	2026-06-10 12:54:42	1	3	15	0
        116096	2026-06-10 12:55:30	1	3	15	0
        119392	2026-06-10 12:56:14	1	3	15	0
        119406	2026-06-10 16:03:55	1	1	15	0
        119040	2026-06-10 17:08:51	1	1	15	0
        116271	2026-06-10 17:09:02	1	1	15	0
        117622	2026-06-10 17:09:06	1	1	15	0
        116476	2026-06-10 17:11:09	1	1	15	0
        117273	2026-06-10 17:29:14	1	1	15	0
        117451	2026-06-10 17:49:31	1	1	15	0
        117398	2026-06-10 17:50:36	1	1	15	0
        116825	2026-06-10 18:01:01	1	1	15	0
        110542	2026-06-10 18:02:26	1	1	15	0
        118160	2026-06-10 18:02:36	1	1	15	0
        110454	2026-06-10 18:06:09	1	1	15	0
        118548	2026-06-10 18:06:19	1	1	15	0
        110045	2026-06-10 18:06:45	1	1	15	0
        117656	2026-06-10 18:12:02	1	1	15	0
        116690	2026-06-10 18:12:44	1	1	15	0
        110646	2026-06-10 18:13:15	1	1	15	0
        116159	2026-06-10 18:13:21	1	1	15	0
        119077	2026-06-10 18:13:40	1	1	1	0
        118146	2026-06-10 18:14:45	1	1	15	0
        119117	2026-06-10 18:18:28	1	1	1	0
        119393	2026-06-10 18:18:56	1	1	15	0
        117090	2026-06-10 18:19:00	1	1	15	0
        118251	2026-06-10 18:19:05	1	1	1	0
        110362	2026-06-10 18:19:40	1	1	15	0
        110641	2026-06-10 18:19:45	1	1	15	0
        110361	2026-06-10 18:19:53	1	1	15	0
        116622	2026-06-10 18:24:34	1	1	1	0
        110188	2026-06-10 18:24:41	1	1	15	0
        116735	2026-06-10 18:26:52	1	1	15	0
        119206	2026-06-10 18:27:05	1	1	15	0
        117977	2026-06-10 18:32:10	1	1	15	0
        116844	2026-06-10 18:36:28	1	1	15	0
        110426	2026-06-10 18:37:00	1	1	15	0
        110530	2026-06-10 18:39:04	1	1	15	0
        116152	2026-06-10 18:39:09	1	1	15	0
        110531	2026-06-10 18:40:10	1	1	15	0
        118298	2026-06-10 18:41:22	1	1	1	0
        116487	2026-06-10 18:44:04	1	1	1	0
        110429	2026-06-10 18:46:43	1	1	15	0
        110794	2026-06-10 18:49:54	1	1	15	0
        116192	2026-06-10 18:52:09	1	1	15	0
        110806	2026-06-10 18:52:33	1	1	15	0
        117267	2026-06-10 18:56:25	1	1	15	0
        119376	2026-06-10 18:57:46	1	1	15	0
        118143	2026-06-10 18:58:26	1	1	15	0
        116096	2026-06-10 18:58:29	1	1	15	0
        116712	2026-06-10 18:58:57	1	1	15	0
        119392	2026-06-10 19:00:06	1	1	15	0
        117518	2026-06-10 19:00:26	1	1	15	0
        116202	2026-06-10 19:00:35	1	1	15	0
        110359	2026-06-10 19:00:53	1	1	15	0
        116829	2026-06-10 19:01:27	1	1	15	0
        117274	2026-06-10 19:01:36	1	1	15	0
        118729	2026-06-10 19:05:32	1	1	15	0
        118694	2026-06-10 19:05:39	1	1	15	0
        116263	2026-06-10 19:05:52	1	1	15	0
        118398	2026-06-10 19:05:56	1	1	15	0
        119443	2026-06-10 19:06:03	1	1	15	0
        117775	2026-06-10 19:12:58	1	1	15	0
        110461	2026-06-10 19:13:05	1	1	15	0
        110124	2026-06-10 19:13:12	1	1	15	0
        116511	2026-06-10 19:13:17	1	1	15	0
        118083	2026-06-10 19:19:00	1	1	15	0
        118585	2026-06-10 19:34:05	1	1	15	0
        117775	2026-06-11 06:19:33	1	0	15	0
        118160	2026-06-11 06:33:57	1	0	15	0
        118548	2026-06-11 06:34:02	1	0	15	0
        118146	2026-06-11 06:34:37	1	0	15	0
        117451	2026-06-11 06:37:04	1	0	15	0
        118585	2026-06-11 06:39:29	1	0	15	0
        110188	2026-06-11 06:50:52	1	0	15	0
        110362	2026-06-11 06:56:22	1	0	15	0
        119406	2026-06-11 06:58:47	1	0	15	0
        110542	2026-06-11 06:59:40	1	0	15	0
        117090	2026-06-11 06:59:52	1	0	15	0
        119206	2026-06-11 07:01:07	1	0	15	0
        116509	2026-06-11 07:02:34	1	0	15	0
        110794	2026-06-11 07:02:43	1	0	15	0
        110454	2026-06-11 07:05:01	1	0	15	0
        116202	2026-06-11 07:05:05	1	0	15	0
        110641	2026-06-11 07:05:13	1	0	15	0
        116825	2026-06-11 07:06:13	1	0	15	0
        119393	2026-06-11 07:07:07	1	0	15	0
        110068	2026-06-11 07:10:54	1	0	1	0
        110806	2026-06-11 07:11:08	1	0	15	0
        117656	2026-06-11 07:11:40	1	0	15	0
        118251	2026-06-11 07:13:58	1	0	1	0
        116271	2026-06-11 07:14:14	1	0	15	0
        117273	2026-06-11 07:14:22	1	0	15	0
        110534	2026-06-11 07:15:22	1	0	15	0
        116690	2026-06-11 07:15:27	1	0	15	0
        116622	2026-06-11 07:15:31	1	0	1	0
        119077	2026-06-11 07:20:47	1	0	1	0
        119117	2026-06-11 07:24:51	1	0	1	0
        116844	2026-06-11 07:28:00	1	0	15	0
        117518	2026-06-11 07:28:04	1	0	15	0
        117977	2026-06-11 07:28:53	1	0	15	0
        116487	2026-06-11 07:31:37	1	0	15	0
        110426	2026-06-11 07:33:38	1	0	15	0
        116735	2026-06-11 07:35:43	1	0	15	0
        116152	2026-06-11 07:36:37	1	0	15	0
        116192	2026-06-11 07:38:54	1	0	15	0
        110429	2026-06-11 07:39:50	1	0	15	0
        117242	2026-06-11 07:40:37	1	0	1	0
        110531	2026-06-11 07:40:51	1	0	15	0
        110530	2026-06-11 07:40:56	1	0	15	0
        116263	2026-06-11 07:42:52	1	0	15	0
        110646	2026-06-11 07:47:23	1	0	15	0
        118398	2026-06-11 07:49:02	1	0	15	0
        119443	2026-06-11 07:52:17	1	0	15	0
        117622	2026-06-11 07:55:29	1	0	15	0
        117267	2026-06-11 07:56:46	1	0	15	0
        118083	2026-06-11 07:58:20	1	0	15	0
        116096	2026-06-11 08:00:31	1	0	15	0
        117274	2026-06-11 08:01:18	1	0	15	0
        119376	2026-06-11 08:02:48	1	0	15	0
        119040	2026-06-11 08:04:26	1	0	15	0
        116829	2026-06-11 08:05:07	1	0	15	0
        119407	2026-06-11 08:07:38	1	0	15	0
        116511	2026-06-11 08:08:08	1	0	15	0
        110461	2026-06-11 08:08:25	1	0	15	0
        110124	2026-06-11 08:09:45	1	0	1	0
        110359	2026-06-11 08:26:36	1	0	15	0
        116476	2026-06-11 08:32:51	1	0	15	0
        117398	2026-06-11 08:43:50	1	0	15	0
        119392	2026-06-11 09:33:05	1	0	15	0
        119040	2026-06-11 12:00:16	1	2	15	0
        118729	2026-06-11 12:00:30	1	2	15	0
        117977	2026-06-11 12:00:34	1	2	15	0
        117622	2026-06-11 12:00:52	1	2	15	0
        118398	2026-06-11 12:00:58	1	2	15	0
        116825	2026-06-11 12:01:02	1	2	15	0
        110203	2026-06-11 12:02:14	1	2	1	0
        116271	2026-06-11 12:02:21	1	2	15	0
        119443	2026-06-11 12:02:44	1	2	15	0
        119393	2026-06-11 12:02:57	1	2	15	0
        117775	2026-06-11 12:03:06	1	2	1	0
        110362	2026-06-11 12:03:28	1	2	15	0
        116263	2026-06-11 12:03:35	1	2	15	0
        110542	2026-06-11 12:03:47	1	2	15	0
        116690	2026-06-11 12:03:59	1	2	15	0
        110531	2026-06-11 12:04:05	1	2	15	0
        119376	2026-06-11 12:04:08	1	2	15	0
        119407	2026-06-11 12:04:11	1	2	15	0
        110806	2026-06-11 12:04:15	1	2	15	0
           257	2026-06-11 12:04:20	1	2	15	0
        116622	2026-06-11 12:04:22	1	2	1	0
        110426	2026-06-11 12:04:28	1	2	15	0
        110530	2026-06-11 12:04:32	1	2	15	0
        118160	2026-06-11 12:04:35	1	2	15	0
        117656	2026-06-11 12:04:38	1	2	15	0
        110188	2026-06-11 12:04:40	1	2	15	0
        116096	2026-06-11 12:04:43	1	2	15	0
        116070	2026-06-11 12:04:48	1	2	15	0
        119040	2026-06-11 12:04:58	1	2	15	0
        117242	2026-06-11 12:05:13	1	2	1	0
        117622	2026-06-11 12:05:22	1	2	15	0
        110203	2026-06-11 12:05:28	1	2	1	0
        117398	2026-06-11 12:05:40	1	2	15	0
        116271	2026-06-11 12:05:53	1	2	15	0
        116476	2026-06-11 12:06:09	1	2	15	0
        119376	2026-06-11 12:07:06	1	2	15	0
        110429	2026-06-11 12:07:22	1	2	15	0
        119206	2026-06-11 12:07:26	1	2	15	0
        116096	2026-06-11 12:07:30	1	2	15	0
        118160	2026-06-11 12:07:33	1	2	15	0
        119407	2026-06-11 12:07:37	1	2	15	0
        117656	2026-06-11 12:07:40	1	2	15	0
        110188	2026-06-11 12:07:43	1	2	15	0
        116263	2026-06-11 12:07:47	1	2	15	0
        119443	2026-06-11 12:07:54	1	2	15	0
        119393	2026-06-11 12:07:57	1	2	15	0
        116825	2026-06-11 12:08:18	1	2	15	0
        118251	2026-06-11 12:08:26	1	2	1	0
        116192	2026-06-11 12:08:40	1	2	15	0
        117090	2026-06-11 12:08:44	1	2	15	0
        116152	2026-06-11 12:08:56	1	2	15	0
        110646	2026-06-11 12:09:13	1	2	15	0
        116096	2026-06-11 12:09:18	1	2	15	0
        116070	2026-06-11 12:09:37	1	2	15	0
        110531	2026-06-11 12:09:52	1	2	15	0
        110542	2026-06-11 12:09:56	1	2	15	0
        116690	2026-06-11 12:09:59	1	2	15	0
        116622	2026-06-11 12:10:04	1	2	1	0
        110806	2026-06-11 12:10:10	1	2	15	0
        110530	2026-06-11 12:10:13	1	2	15	0
        110426	2026-06-11 12:10:17	1	2	15	0
        110641	2026-06-11 12:10:19	1	2	15	0
        119206	2026-06-11 12:10:43	1	2	15	0
        118398	2026-06-11 12:10:53	1	2	15	0
        110068	2026-06-11 12:10:58	1	2	1	0
        118548	2026-06-11 12:11:23	1	2	15	0
        118251	2026-06-11 12:11:28	1	2	1	0
        119406	2026-06-11 12:11:39	1	2	15	0
        117398	2026-06-11 12:11:46	1	2	15	0
        110361	2026-06-11 12:12:00	1	2	15	0
        110461	2026-06-11 12:12:06	1	2	15	0
        117242	2026-06-11 12:12:17	1	2	1	0
        110362	2026-06-11 12:12:27	1	2	15	0
        110359	2026-06-11 12:12:33	1	2	15	0
        117273	2026-06-11 12:12:44	1	2	15	0
        116152	2026-06-11 12:13:20	1	2	15	0
        117775	2026-06-11 12:13:58	1	2	1	0
        118548	2026-06-11 12:14:08	1	2	15	0
        110068	2026-06-11 12:14:13	1	2	1	0
        117090	2026-06-11 12:15:16	1	2	15	0
        116192	2026-06-11 12:15:24	1	2	15	0
        119406	2026-06-11 12:15:32	1	2	15	0
        116476	2026-06-11 12:15:37	1	2	15	0
        118083	2026-06-11 12:16:44	1	2	15	0
        110646	2026-06-11 12:16:56	1	2	15	0
        116202	2026-06-11 12:17:02	1	2	15	0
        119077	2026-06-11 12:17:36	1	2	1	0
        110359	2026-06-11 12:18:02	1	2	15	0
        116844	2026-06-11 12:18:09	1	2	15	0
        117273	2026-06-11 12:18:20	1	2	15	0
        117977	2026-06-11 12:18:43	1	2	15	0
        117518	2026-06-11 12:20:10	1	2	15	0
        110045	2026-06-11 12:20:41	1	2	15	0
        119077	2026-06-11 12:20:52	1	2	1	0
        118083	2026-06-11 12:20:59	1	2	15	0
        110429	2026-06-11 12:22:12	1	2	15	0
        116844	2026-06-11 12:22:16	1	2	15	0
        117274	2026-06-11 12:22:40	1	2	15	0
        117267	2026-06-11 12:22:51	1	2	15	0
        116735	2026-06-11 12:23:17	1	2	15	0
        116829	2026-06-11 12:23:21	1	2	1	0
        110641	2026-06-11 12:23:40	1	2	15	0
        117518	2026-06-11 12:24:14	1	2	15	0
        116202	2026-06-11 12:27:03	1	2	15	0
        116735	2026-06-11 12:29:03	1	2	15	0
        117267	2026-06-11 12:29:10	1	2	15	0
        117451	2026-06-11 12:29:38	1	2	15	0
        118146	2026-06-11 12:29:49	1	2	15	0
        110361	2026-06-11 12:30:42	1	3	15	0
        119117	2026-06-11 12:30:47	1	3	1	0
        110124	2026-06-11 12:31:49	1	3	1	0
        116487	2026-06-11 12:33:16	1	3	1	0
        117451	2026-06-11 12:33:38	1	3	15	0
        116511	2026-06-11 12:34:35	1	3	15	0
        118585	2026-06-11 12:35:04	1	3	15	0
        116487	2026-06-11 12:35:40	1	3	1	0
        119117	2026-06-11 12:35:44	1	3	1	0
        110794	2026-06-11 12:36:45	1	3	15	0
        119117	2026-06-11 12:40:05	1	3	1	0
        118585	2026-06-11 12:40:39	1	3	15	0
        110794	2026-06-11 12:40:47	1	3	15	0
        116829	2026-06-11 12:42:49	1	3	15	0
        117274	2026-06-11 12:42:54	1	3	15	0
        110534	2026-06-11 12:46:54	1	3	15	0
        110454	2026-06-11 12:46:59	1	3	15	0
        118729	2026-06-11 12:50:16	1	3	15	0
        110124	2026-06-11 12:50:43	1	3	1	0
        116511	2026-06-11 12:51:17	1	3	15	0
        110534	2026-06-11 12:51:28	1	3	15	0
        110454	2026-06-11 12:51:32	1	3	15	0
        110461	2026-06-11 12:52:03	1	3	15	0
        118146	2026-06-11 12:54:47	1	3	15	0
        119392	2026-06-11 12:55:51	1	3	15	0
        119392	2026-06-11 12:59:37	1	3	15	0
        116152	2026-06-11 15:06:34	1	3	15	0
        117622	2026-06-11 17:06:52	1	1	15	0
        110203	2026-06-11 17:06:57	1	1	1	0
        119040	2026-06-11 17:07:17	1	1	15	0
        116271	2026-06-11 17:07:38	1	1	15	0
        116476	2026-06-11 17:09:03	1	1	15	0
        119407	2026-06-11 17:11:42	1	1	15	0
        117398	2026-06-11 17:42:52	1	1	15	0
        117273	2026-06-11 17:51:07	1	1	15	0
        116622	2026-06-11 18:00:58	1	1	1	0
        110542	2026-06-11 18:01:30	1	1	15	0
        119206	2026-06-11 18:02:21	1	1	15	0
        110362	2026-06-11 18:03:24	1	1	15	0
        116509	2026-06-11 18:03:44	1	1	15	0
        119406	2026-06-11 18:04:13	1	1	15	0
        110045	2026-06-11 18:04:23	1	1	15	0
        118160	2026-06-11 18:06:43	1	1	15	0
        118548	2026-06-11 18:07:10	1	1	15	0
        110068	2026-06-11 18:07:35	1	1	1	0
        110454	2026-06-11 18:08:08	1	1	15	0
        118146	2026-06-11 18:08:12	1	1	15	0
        116825	2026-06-11 18:09:22	1	1	15	0
        110361	2026-06-11 18:09:36	1	1	15	0
        110806	2026-06-11 18:12:55	1	1	15	0
        110188	2026-06-11 18:13:12	1	1	15	0
        116690	2026-06-11 18:15:34	1	1	15	0
        110534	2026-06-11 18:15:38	1	1	15	0
        117656	2026-06-11 18:16:39	1	1	15	0
        119077	2026-06-11 18:21:28	1	1	1	0
        118251	2026-06-11 18:23:47	1	1	1	0
        119117	2026-06-11 18:26:32	1	1	1	0
        117977	2026-06-11 18:30:21	1	1	15	0
        118585	2026-06-11 18:31:21	1	1	15	0
        116487	2026-06-11 18:32:47	1	1	1	0
        116844	2026-06-11 18:34:19	1	1	15	0
        116202	2026-06-11 18:36:57	1	1	15	0
        110426	2026-06-11 18:38:06	1	1	15	0
        110530	2026-06-11 18:40:11	1	1	15	0
        116192	2026-06-11 18:40:23	1	1	15	0
        110794	2026-06-11 18:40:31	1	1	15	0
        110429	2026-06-11 18:41:06	1	1	15	0
        110531	2026-06-11 18:41:34	1	1	15	0
        119393	2026-06-11 18:42:48	1	1	15	0
        117090	2026-06-11 18:43:40	1	1	15	0
        117518	2026-06-11 18:43:45	1	1	15	0
        116735	2026-06-11 18:45:58	1	1	15	0
        110641	2026-06-11 18:49:29	1	1	15	0
        119376	2026-06-11 18:51:42	1	1	15	0
        110646	2026-06-11 18:52:21	1	1	15	0
        117242	2026-06-11 18:54:46	1	1	1	0
        119443	2026-06-11 18:55:12	1	1	15	0
        117267	2026-06-11 19:00:19	1	1	15	0
        110359	2026-06-11 19:00:44	1	1	15	0
        119392	2026-06-11 19:01:24	1	1	15	0
        118398	2026-06-11 19:03:11	1	1	15	0
        116263	2026-06-11 19:03:15	1	1	15	0
        118083	2026-06-11 19:03:29	1	1	15	0
        117274	2026-06-11 19:08:07	1	1	15	0
        116829	2026-06-11 19:09:04	1	1	15	0
        116096	2026-06-11 19:09:10	1	1	15	0
        118729	2026-06-11 19:17:06	1	1	15	0
        110124	2026-06-11 19:19:44	1	1	15	0
        117775	2026-06-11 19:19:58	1	1	15	0
        116511	2026-06-11 19:20:07	1	1	15	0
        110461	2026-06-11 19:20:12	1	1	15	0
        117775	2026-06-15 05:54:49	1	0	15	0
        118548	2026-06-15 06:04:23	1	0	15	0
        110362	2026-06-15 06:05:18	1	0	15	0
        118146	2026-06-15 06:14:44	1	0	15	0
        116152	2026-06-15 06:15:06	1	0	15	0
        118585	2026-06-15 06:17:20	1	0	15	0
        110045	2026-06-15 06:26:10	1	0	15	0
        118160	2026-06-15 06:36:14	1	0	15	0
        118326	2026-06-15 06:40:56	1	0	1	0
        116690	2026-06-15 06:52:07	1	0	15	0
        110534	2026-06-15 06:53:10	1	0	15	0
        116442	2026-06-15 06:54:14	1	0	15	0
        110454	2026-06-15 06:55:01	1	0	15	0
        119040	2026-06-15 06:59:30	1	0	15	0
        110794	2026-06-15 07:00:38	1	0	15	0
        119406	2026-06-15 07:01:00	1	0	15	0
        117727	2026-06-15 07:01:06	1	0	15	0
        116829	2026-06-15 07:02:00	1	0	15	0
        117185	2026-06-15 07:02:58	1	0	15	0
        119206	2026-06-15 07:06:35	1	0	15	0
        119393	2026-06-15 07:07:11	1	0	15	0
        118566	2026-06-15 07:12:42	1	0	15	0
        116825	2026-06-15 07:12:53	1	0	15	0
        116466	2026-06-15 07:13:48	1	0	1	0
        110149	2026-06-15 07:14:10	1	0	15	0
        117273	2026-06-15 07:14:25	1	0	15	0
        117090	2026-06-15 07:14:43	1	0	15	0
        119117	2026-06-15 07:14:48	1	0	1	0
        117656	2026-06-15 07:15:46	1	0	15	0
        116202	2026-06-15 07:16:00	1	0	15	0
        117239	2026-06-15 07:17:01	1	0	15	0
        116159	2026-06-15 07:21:00	1	0	15	0
        118143	2026-06-15 07:21:18	1	0	15	0
        117398	2026-06-15 07:22:24	1	0	15	0
        110646	2026-06-15 07:25:58	1	0	15	0
        110115	2026-06-15 07:27:53	1	0	15	0
        116844	2026-06-15 07:28:45	1	0	15	0
        110068	2026-06-15 07:30:50	1	0	1	0
        119392	2026-06-15 07:31:10	1	0	15	0
        116434	2026-06-15 07:31:16	1	0	1	0
        110461	2026-06-15 07:31:51	1	0	15	0
        110472	2026-06-15 07:32:07	1	0	15	0
        116622	2026-06-15 07:33:30	1	0	1	0
        116487	2026-06-15 07:36:00	1	0	15	0
        110124	2026-06-15 07:36:08	1	0	1	0
        116738	2026-06-15 07:39:13	1	0	15	0
        116096	2026-06-15 07:41:18	1	0	15	0
        110530	2026-06-15 07:43:10	1	0	15	0
        116735	2026-06-15 07:43:45	1	0	15	0
        117267	2026-06-15 07:44:39	1	0	15	0
        117274	2026-06-15 07:44:52	1	0	15	0
        110188	2026-06-15 07:45:25	1	0	15	0
        110203	2026-06-15 07:46:38	1	0	1	0
        110531	2026-06-15 07:48:03	1	0	15	0
        117242	2026-06-15 07:48:09	1	0	1	0
        116511	2026-06-15 07:49:02	1	0	15	0
        118398	2026-06-15 07:50:04	1	0	15	0
        119407	2026-06-15 07:50:22	1	0	15	0
        117518	2026-06-15 07:51:13	1	0	15	0
        117622	2026-06-15 07:56:09	1	0	15	0
        110806	2026-06-15 08:01:10	1	0	15	0
        118694	2026-06-15 08:01:17	1	0	15	0
        116192	2026-06-15 08:03:19	1	0	15	0
        117687	2026-06-15 08:07:14	1	0	15	0
        110359	2026-06-15 08:21:59	1	0	15	0
        110361	2026-06-15 08:51:25	1	0	15	0
        117622	2026-06-15 12:00:28	1	2	15	0
        116192	2026-06-15 12:00:34	1	2	15	0
        117090	2026-06-15 12:00:39	1	2	15	0
        116712	2026-06-15 12:01:10	1	2	15	0
        110531	2026-06-15 12:01:30	1	2	15	0
        119117	2026-06-15 12:01:40	1	2	1	0
        119206	2026-06-15 12:01:46	1	2	15	0
        119040	2026-06-15 12:01:51	1	2	15	0
        117775	2026-06-15 12:02:01	1	2	15	0
        117242	2026-06-15 12:02:06	1	2	1	0
        110149	2026-06-15 12:02:29	1	2	15	0
        116202	2026-06-15 12:02:38	1	2	15	0
        117518	2026-06-15 12:02:52	1	2	15	0
        116622	2026-06-15 12:02:56	1	2	1	0
        110806	2026-06-15 12:03:02	1	2	15	0
        116690	2026-06-15 12:03:10	1	2	15	0
        119376	2026-06-15 12:03:17	1	2	15	0
        117622	2026-06-15 12:03:22	1	2	15	0
        116825	2026-06-15 12:03:41	1	2	15	0
        119040	2026-06-15 12:04:00	1	2	15	0
        116735	2026-06-15 12:04:07	1	2	15	0
        119393	2026-06-15 12:04:17	1	2	15	0
        118160	2026-06-15 12:04:24	1	2	15	0
        116192	2026-06-15 12:04:49	1	2	15	0
        117090	2026-06-15 12:04:54	1	2	15	0
        118694	2026-06-15 12:05:13	1	2	15	0
        117267	2026-06-15 12:05:17	1	2	15	0
        110045	2026-06-15 12:05:31	1	2	15	0
        116096	2026-06-15 12:05:41	1	2	15	0
        118548	2026-06-15 12:05:44	1	2	15	0
        110068	2026-06-15 12:05:51	1	2	1	0
        110530	2026-06-15 12:05:57	1	2	15	0
        119206	2026-06-15 12:06:03	1	2	15	0
        117242	2026-06-15 12:06:08	1	2	1	0
        116442	2026-06-15 12:06:14	1	2	15	0
        117518	2026-06-15 12:06:23	1	2	15	0
        110531	2026-06-15 12:06:33	1	2	15	0
        116152	2026-06-15 12:06:40	1	2	15	0
        116202	2026-06-15 12:06:47	1	2	15	0
        116690	2026-06-15 12:06:53	1	2	15	0
        116829	2026-06-15 12:06:57	1	2	15	0
        117775	2026-06-15 12:07:04	1	2	15	0
        116622	2026-06-15 12:07:15	1	2	1	0
        117274	2026-06-15 12:07:23	1	2	15	0
        110149	2026-06-15 12:07:32	1	2	15	0
        119376	2026-06-15 12:07:40	1	2	15	0
        119117	2026-06-15 12:07:47	1	2	1	0
        119393	2026-06-15 12:07:53	1	2	15	0
        118160	2026-06-15 12:07:57	1	2	15	0
        117398	2026-06-15 12:08:05	1	2	15	0
        118398	2026-06-15 12:08:25	1	2	15	0
        116487	2026-06-15 12:08:32	1	2	1	0
        110806	2026-06-15 12:08:47	1	2	15	0
        110461	2026-06-15 12:09:36	1	2	15	0
        116825	2026-06-15 12:10:05	1	2	15	0
        116096	2026-06-15 12:10:30	1	2	15	0
        117398	2026-06-15 12:10:46	1	2	15	0
        110362	2026-06-15 12:10:51	1	2	15	0
        110361	2026-06-15 12:10:58	1	2	15	0
        116152	2026-06-15 12:11:02	1	2	15	0
        118548	2026-06-15 12:11:06	1	2	15	0
        110068	2026-06-15 12:11:12	1	2	1	0
        116735	2026-06-15 12:11:31	1	2	15	0
        110124	2026-06-15 12:11:36	1	2	1	0
        116511	2026-06-15 12:11:42	1	2	15	0
        117267	2026-06-15 12:11:49	1	2	15	0
        118694	2026-06-15 12:12:00	1	2	15	0
        110646	2026-06-15 12:12:05	1	2	15	0
        110530	2026-06-15 12:12:20	1	2	15	0
        116738	2026-06-15 12:12:24	1	2	15	0
        116487	2026-06-15 12:13:03	1	2	1	0
        118398	2026-06-15 12:13:10	1	2	15	0
        116844	2026-06-15 12:13:14	1	2	15	0
        110359	2026-06-15 12:15:19	1	2	15	0
        117273	2026-06-15 12:15:28	1	2	15	0
        119407	2026-06-15 12:15:36	1	2	15	0
        110203	2026-06-15 12:15:41	1	2	1	0
        117687	2026-06-15 12:15:48	1	2	15	0
        118326	2026-06-15 12:16:35	1	2	15	0
        118566	2026-06-15 12:17:14	1	2	15	0
        116844	2026-06-15 12:18:04	1	2	15	0
        116442	2026-06-15 12:18:36	1	0	15	0
        117727	2026-06-15 12:20:20	1	2	15	0
        118326	2026-06-15 12:21:06	1	2	15	0
        110362	2026-06-15 12:21:13	1	2	15	0
        110359	2026-06-15 12:21:21	1	2	15	0
        117273	2026-06-15 12:21:25	1	2	15	0
        110188	2026-06-15 12:22:02	1	2	15	0
        117656	2026-06-15 12:22:06	1	2	15	0
        119407	2026-06-15 12:22:18	1	2	15	0
        110203	2026-06-15 12:22:22	1	2	1	0
        110461	2026-06-15 12:22:29	1	2	15	0
        118566	2026-06-15 12:22:57	1	2	15	0
        110045	2026-06-15 12:23:12	1	2	15	0
        116434	2026-06-15 12:24:21	1	2	1	0
        118146	2026-06-15 12:25:00	1	2	15	0
        110646	2026-06-15 12:25:06	1	2	15	0
        110115	2026-06-15 12:25:26	1	2	15	0
        110188	2026-06-15 12:26:01	1	2	15	0
        117656	2026-06-15 12:26:09	1	2	15	0
        119406	2026-06-15 12:26:39	1	2	15	0
        116829	2026-06-15 12:26:45	1	2	15	0
        117274	2026-06-15 12:26:50	1	2	15	0
        117185	2026-06-15 12:28:20	1	2	15	0
        110542	2026-06-15 12:30:37	1	3	15	0
        116511	2026-06-15 12:30:52	1	3	15	0
        116466	2026-06-15 12:31:10	1	3	1	0
        110124	2026-06-15 12:31:53	1	3	15	0
        119406	2026-06-15 12:31:57	1	3	15	0
        116159	2026-06-15 12:34:17	1	3	15	0
        117185	2026-06-15 12:37:08	1	3	15	0
        116159	2026-06-15 12:37:20	1	3	15	0
        110115	2026-06-15 12:39:21	1	3	15	0
        116434	2026-06-15 12:39:26	1	3	1	0
        117239	2026-06-15 12:40:47	1	3	15	0
        110472	2026-06-15 12:40:53	1	3	15	0
        118146	2026-06-15 12:43:20	1	3	15	0
        110361	2026-06-15 12:44:04	1	3	15	0
        116738	2026-06-15 12:44:20	1	3	15	0
        116466	2026-06-15 12:44:24	1	3	1	0
        117727	2026-06-15 12:44:37	1	3	15	0
        110472	2026-06-15 12:44:48	1	3	15	0
        117239	2026-06-15 12:45:00	1	3	15	0
        118143	2026-06-15 12:52:17	1	3	15	0
        119392	2026-06-15 12:53:42	1	3	15	0
        110426	2026-06-15 12:55:00	1	3	15	0
        110454	2026-06-15 12:55:52	1	3	15	0
        110534	2026-06-15 12:56:00	1	3	15	0
        119392	2026-06-15 12:57:00	1	3	15	0
        118143	2026-06-15 12:57:29	1	3	15	0
        116271	2026-06-15 12:59:20	1	3	15	0
        110454	2026-06-15 12:59:36	1	3	15	0
        110534	2026-06-15 12:59:43	1	3	15	0
        118585	2026-06-15 13:02:32	1	3	15	0
        118585	2026-06-15 13:04:49	1	3	15	0
        116192	2026-06-15 15:04:10	1	3	15	0
        119040	2026-06-15 17:07:16	1	1	15	0
        116271	2026-06-15 17:07:22	1	1	15	0
        119407	2026-06-15 17:08:16	1	1	15	0
        117622	2026-06-15 17:08:25	1	1	15	0
        118566	2026-06-15 17:35:41	1	1	15	0
        117656	2026-06-15 17:38:52	1	1	15	0
        110188	2026-06-15 17:39:29	1	1	15	0
        110068	2026-06-15 17:42:09	1	1	1	0
        116152	2026-06-15 17:42:16	1	1	15	0
        118548	2026-06-15 17:42:27	1	1	15	0
        110530	2026-06-15 17:42:33	1	1	15	0
        117398	2026-06-15 17:42:57	1	1	15	0
        116825	2026-06-15 17:43:47	1	1	15	0
        118585	2026-06-15 17:45:05	1	1	15	0
        118398	2026-06-15 17:51:49	1	1	15	0
        119117	2026-06-15 17:57:53	1	1	1	0
        119376	2026-06-15 17:58:13	1	1	15	0
        119406	2026-06-15 18:00:10	1	1	15	0
        110454	2026-06-15 18:00:16	1	1	15	0
        110542	2026-06-15 18:00:21	1	1	15	0
        116159	2026-06-15 18:01:29	1	1	15	0
        116442	2026-06-15 18:01:38	1	1	15	0
        110534	2026-06-15 18:01:46	1	1	15	0
        118160	2026-06-15 18:01:52	1	1	15	0
        110045	2026-06-15 18:02:30	1	1	15	0
        110362	2026-06-15 18:02:35	1	1	15	0
        118146	2026-06-15 18:02:45	1	1	15	0
        116735	2026-06-15 18:03:33	1	1	15	0
        117267	2026-06-15 18:03:40	1	1	15	0
        117185	2026-06-15 18:04:50	1	1	15	0
        118143	2026-06-15 18:06:17	1	1	15	0
        116738	2026-06-15 18:07:47	1	1	15	0
        118326	2026-06-15 18:08:08	1	1	15	0
        119206	2026-06-15 18:08:21	1	1	15	0
        117273	2026-06-15 18:15:01	1	1	15	0
        117239	2026-06-15 18:20:27	1	1	15	0
        116466	2026-06-15 18:23:40	1	1	1	0
        117727	2026-06-15 18:25:07	1	1	15	0
        116096	2026-06-15 18:25:16	1	1	15	0
        116844	2026-06-15 18:30:15	1	1	15	0
        110794	2026-06-15 18:30:28	1	1	15	0
        110115	2026-06-15 18:30:56	1	1	15	0
        110472	2026-06-15 18:34:00	1	1	15	0
        116829	2026-06-15 18:38:04	1	1	15	0
        117274	2026-06-15 18:38:16	1	1	15	0
        110149	2026-06-15 18:43:48	1	1	15	0
        110124	2026-06-15 18:50:14	1	1	15	0
        117775	2026-06-15 18:50:30	1	1	1	0
        116511	2026-06-15 18:50:36	1	1	15	0
        110461	2026-06-15 18:50:42	1	1	15	0
        116712	2026-06-15 19:01:19	1	1	15	0
        118548	2026-06-16 05:58:32	1	0	15	0
        118146	2026-06-16 06:31:06	1	0	15	0
        118160	2026-06-16 06:43:45	1	0	15	0
        118326	2026-06-16 06:45:41	1	0	15	0
