   117022	2026-03-02 06:48:55	1	1	15	0
   117022	2026-03-02 06:48:56	1	1	15	0
   118024	2026-03-02 07:10:51	1	1	15	0
   110018	2026-03-02 07:41:00	1	0	15	0
   110018	2026-03-02 07:41:01	1	0	15	0
   118598	2026-03-02 07:44:04	1	0	15	0
   110329	2026-03-02 07:54:51	1	0	15	0
   118782	2026-03-02 07:57:04	1	0	15	0
   118782	2026-03-02 07:57:06	1	0	15	0
   117897	2026-03-02 08:01:01	1	0	15	0
   117897	2026-03-02 08:01:03	1	0	15	0
   117099	2026-03-02 08:01:11	1	0	15	0
   116137	2026-03-02 08:13:32	1	0	15	0
   116137	2026-03-02 08:13:34	1	0	15	0
   117022	2026-03-02 12:03:32	1	0	15	0
   117022	2026-03-02 12:03:34	1	0	15	0
   118598	2026-03-02 12:04:25	1	0	15	0
   118024	2026-03-02 12:07:32	1	0	15	0
   118024	2026-03-02 12:11:27	1	0	15	0
   117022	2026-03-02 12:14:47	1	0	15	0
   116137	2026-03-02 12:19:52	1	0	15	0
   116137	2026-03-02 12:19:54	1	0	15	0
   117099	2026-03-02 12:19:59	1	0	15	0
   110018	2026-03-02 12:21:03	1	1	15	0
   110018	2026-03-02 12:21:05	1	1	15	0
   118782	2026-03-02 12:22:29	1	1	15	0
   117099	2026-03-02 12:28:49	1	1	15	0
   117099	2026-03-02 12:28:51	1	1	15	0
   118598	2026-03-02 12:29:09	1	1	15	0
   116137	2026-03-02 12:38:45	1	1	15	0
   118782	2026-03-02 12:44:24	1	1	15	0
   118782	2026-03-02 12:44:26	1	1	15	0
   110018	2026-03-02 12:47:34	1	0	15	0
   110018	2026-03-02 12:47:35	1	0	15	0
   117897	2026-03-02 12:51:17	1	0	15	0
   117897	2026-03-02 12:51:18	1	0	15	0
   117897	2026-03-02 12:55:31	1	0	15	0
   118598	2026-03-02 17:03:49	1	0	15	0
   117897	2026-03-02 17:04:50	1	0	15	0
   117897	2026-03-02 17:04:51	1	0	15	0
   110329	2026-03-02 17:05:31	1	0	15	0
   118024	2026-03-02 17:25:32	1	0	15	0
   110018	2026-03-02 17:30:33	1	1	15	0
   110018	2026-03-02 17:30:35	1	1	15	0
   118782	2026-03-02 17:31:56	1	1	15	0
   116137	2026-03-02 18:12:59	1	1	15	0
   117022	2026-03-02 19:07:10	1	1	15	0
   117022	2026-03-02 19:07:12	1	1	15	0
   118024	2026-03-03 07:17:36	1	1	15	0
   118024	2026-03-03 07:17:38	1	1	15	0
   110018	2026-03-03 07:30:42	1	0	15	0
   118598	2026-03-03 07:58:19	1	0	15	0
   118598	2026-03-03 07:58:21	1	0	15	0
   117897	2026-03-03 08:42:21	1	0	15	0
   117897	2026-03-03 08:42:23	1	0	15	0
   110018	2026-03-03 12:08:15	1	1	15	0
   110018	2026-03-03 12:15:14	1	0	15	0
   110018	2026-03-03 12:15:16	1	0	15	0
   118598	2026-03-03 12:17:23	1	0	15	0
   118598	2026-03-03 12:24:31	1	0	15	0
   117897	2026-03-03 12:25:23	1	0	15	0
   118024	2026-03-03 12:41:42	1	0	15	0
   118024	2026-03-03 12:45:09	1	0	15	0
   118598	2026-03-03 17:27:01	1	0	15	0
   118598	2026-03-03 17:27:02	1	0	15	0
   110018	2026-03-03 17:41:46	1	1	15	0
   110018	2026-03-03 17:41:48	1	1	15	0
   118024	2026-03-03 17:48:55	1	1	15	0
   110046	2026-03-04 07:00:08	1	0	3	0
   118024	2026-03-04 07:15:06	1	0	15	0
   110018	2026-03-04 07:31:59	1	0	15	0
   110018	2026-03-04 07:32:00	1	0	15	0
   118598	2026-03-04 08:01:59	1	0	15	0
   118598	2026-03-04 08:02:06	1	0	15	0
   117022	2026-03-04 08:25:01	1	0	15	0
   117022	2026-03-04 08:25:03	1	0	15	0
   118024	2026-03-04 12:06:40	1	0	15	0
   118024	2026-03-04 12:08:34	1	0	15	0
   118024	2026-03-04 12:08:36	1	0	15	0
   118598	2026-03-04 12:18:12	1	0	15	0
   118598	2026-03-04 12:21:52	1	0	15	0
   110046	2026-03-04 12:25:46	1	0	3	0
   110018	2026-03-04 12:27:57	1	1	15	0
   110018	2026-03-04 12:27:59	1	1	15	0
   110046	2026-03-04 12:32:27	1	0	3	0
   110018	2026-03-04 12:35:50	1	0	15	0
   110018	2026-03-04 12:35:52	1	0	15	0
   110329	2026-03-04 16:07:58	1	0	15	0
   110329	2026-03-04 16:08:00	1	0	15	0
   118598	2026-03-04 17:03:39	1	0	15	0
   118598	2026-03-04 17:03:41	1	0	15	0
   110018	2026-03-04 17:23:41	1	1	15	0
   110018	2026-03-04 17:23:43	1	1	15	0
   118024	2026-03-04 18:00:32	1	1	15	0
   117022	2026-03-04 18:08:46	1	1	15	0
   117022	2026-03-04 18:08:48	1	1	15	0
   110046	2026-03-05 07:00:01	1	0	3	0
   118024	2026-03-05 07:28:18	1	0	15	0
   118024	2026-03-05 07:28:20	1	0	15	0
   110018	2026-03-05 07:35:04	1	0	15	0
   110018	2026-03-05 07:35:06	1	0	15	0
   118598	2026-03-05 08:03:53	1	0	15	0
   117022	2026-03-05 08:36:44	1	0	15	0
   117897	2026-03-05 09:17:27	1	0	15	0
   117897	2026-03-05 09:17:29	1	0	15	0
   118024	2026-03-05 12:11:33	1	0	15	0
   117022	2026-03-05 12:18:19	1	0	15	0
   110018	2026-03-05 12:24:24	1	1	15	0
   118598	2026-03-05 12:25:43	1	1	15	0
   117897	2026-03-05 12:32:37	1	1	15	0
   118598	2026-03-05 12:36:00	1	1	15	0
   118598	2026-03-05 12:37:42	1	1	15	0
   117897	2026-03-05 12:39:21	1	1	15	0
   110046	2026-03-05 12:39:48	1	1	3	0
   117022	2026-03-05 12:42:34	1	1	15	0
   117022	2026-03-05 12:42:36	1	1	15	0
   118024	2026-03-05 12:44:45	1	1	15	0
   110046	2026-03-05 12:53:03	1	0	3	0
   110018	2026-03-05 12:54:04	1	0	15	0
   110018	2026-03-05 12:54:05	1	0	15	0
   110329	2026-03-05 16:57:16	1	0	15	0
   110329	2026-03-05 16:57:18	1	0	15	0
   118598	2026-03-05 18:05:36	1	0	15	0
   118024	2026-03-05 18:19:30	1	0	15	0
   118024	2026-03-05 18:19:32	1	0	15	0
   117897	2026-03-05 18:22:05	1	0	15	0
   110018	2026-03-05 18:33:55	1	1	15	0
   117022	2026-03-05 18:40:45	1	1	15	0
   117022	2026-03-05 18:40:47	1	1	15	0
   117022	2026-03-06 05:48:13	1	1	15	0
   117022	2026-03-06 05:48:15	1	1	15	0
   117022	2026-03-06 05:48:17	1	1	15	0
   118024	2026-03-06 07:05:26	1	1	15	0
   110018	2026-03-06 07:32:58	1	0	15	0
   110046	2026-03-06 07:42:32	1	0	3	0
   118598	2026-03-06 07:51:28	1	0	15	0
   117099	2026-03-06 08:00:16	1	0	15	0
   110329	2026-03-06 08:15:50	1	0	15	0
   116137	2026-03-06 08:40:36	1	0	15	0
   117897	2026-03-06 08:43:51	1	0	15	0
   117897	2026-03-06 08:43:53	1	0	15	0
   110623	2026-03-06 12:00:21	1	0	15	0
   110623	2026-03-06 12:00:23	1	0	15	0
   110623	2026-03-06 12:00:25	1	0	15	0
   110441	2026-03-06 12:00:34	1	0	15	0
   110441	2026-03-06 12:00:35	1	0	15	0
   110420	2026-03-06 12:00:42	1	0	15	0
   110449	2026-03-06 12:01:42	1	0	15	0
   110433	2026-03-06 12:01:50	1	0	15	0
   110433	2026-03-06 12:01:51	1	0	15	0
   110453	2026-03-06 12:02:07	1	0	15	0
   110453	2026-03-06 12:02:09	1	0	15	0
   110439	2026-03-06 12:02:15	1	0	15	0
   110439	2026-03-06 12:02:18	1	0	15	0
   110439	2026-03-06 12:02:20	1	0	15	0
   110444	2026-03-06 12:02:42	1	0	15	0
   110444	2026-03-06 12:02:44	1	0	15	0
   110444	2026-03-06 12:02:48	1	0	15	0
   110443	2026-03-06 12:03:29	1	0	15	0
   110443	2026-03-06 12:03:31	1	0	15	0
   118598	2026-03-06 12:05:53	1	0	15	0
   118598	2026-03-06 12:05:55	1	0	15	0
   110577	2026-03-06 12:06:33	1	0	15	0
   110577	2026-03-06 12:06:35	1	0	15	0
   110455	2026-03-06 12:07:37	1	0	15	0
   110455	2026-03-06 12:07:38	1	0	15	0
   110441	2026-03-06 12:07:50	1	0	15	0
   110441	2026-03-06 12:07:51	1	0	15	0
   110623	2026-03-06 12:08:07	1	0	15	0
   110623	2026-03-06 12:08:09	1	0	15	0
   110449	2026-03-06 12:08:42	1	0	15	0
   110433	2026-03-06 12:09:06	1	0	15	0
   110433	2026-03-06 12:09:08	1	0	15	0
   110577	2026-03-06 12:14:55	1	0	15	0
   110577	2026-03-06 12:14:57	1	0	15	0
   110577	2026-03-06 12:14:59	1	0	15	0
   110444	2026-03-06 12:18:47	1	0	15	0
   110444	2026-03-06 12:18:49	1	0	15	0
   110439	2026-03-06 12:21:03	1	0	15	0
   110439	2026-03-06 12:21:05	1	0	15	0
   110018	2026-03-06 12:21:19	1	1	15	0
   117022	2026-03-06 12:22:49	1	1	15	0
   110018	2026-03-06 12:26:47	1	0	15	0
   110018	2026-03-06 12:26:49	1	0	15	0
   110425	2026-03-06 12:29:11	1	0	15	0
   110425	2026-03-06 12:29:13	1	0	15	0
   117897	2026-03-06 12:29:28	1	0	15	0
   117022	2026-03-06 12:33:09	1	0	15	0
   117099	2026-03-06 12:33:14	1	0	15	0
   110420	2026-03-06 12:34:58	1	0	15	0
   110443	2026-03-06 12:35:04	1	0	15	0
   110443	2026-03-06 12:35:06	1	0	15	0
   116137	2026-03-06 12:35:19	1	0	15	0
   116137	2026-03-06 12:35:20	1	0	15	0
   110046	2026-03-06 12:39:32	1	1	3	0
   118598	2026-03-06 12:40:05	1	1	15	0
   110455	2026-03-06 12:43:11	1	1	15	0
   110046	2026-03-06 12:44:25	1	0	3	0
   116137	2026-03-06 12:44:37	1	0	15	0
   117099	2026-03-06 12:44:43	1	0	15	0
   110453	2026-03-06 12:44:48	1	0	15	0
   110453	2026-03-06 12:44:50	1	0	15	0
   118024	2026-03-06 12:44:58	1	0	15	0
   117897	2026-03-06 12:46:46	1	0	15	0
   110425	2026-03-06 12:52:28	1	0	15	0
   110425	2026-03-06 12:52:30	1	0	15	0
   110425	2026-03-06 12:52:46	1	0	15	0
   110443	2026-03-06 14:58:16	1	0	15	0
   110443	2026-03-06 14:58:18	1	0	15	0
   110329	2026-03-06 16:32:33	1	0	15	0
   110329	2026-03-06 16:32:35	1	0	15	0
   110623	2026-03-06 17:07:19	1	0	15	0
   110623	2026-03-06 17:07:21	1	0	15	0
   110455	2026-03-06 17:10:13	1	0	15	0
   110425	2026-03-06 17:12:19	1	0	15	0
   110018	2026-03-06 17:14:05	1	1	15	0
   110018	2026-03-06 17:14:07	1	1	15	0
   110420	2026-03-06 17:14:21	1	1	15	0
   110453	2026-03-06 17:16:48	1	1	15	0
   110453	2026-03-06 17:16:49	1	1	15	0
   110439	2026-03-06 17:18:46	1	1	15	0
   110439	2026-03-06 17:18:48	1	1	15	0
   118598	2026-03-06 17:19:56	1	1	15	0
   118598	2026-03-06 17:21:33	1	1	15	0
   110433	2026-03-06 17:22:35	1	1	15	0
   110433	2026-03-06 17:22:37	1	1	15	0
   110433	2026-03-06 17:22:39	1	1	15	0
   116137	2026-03-06 17:54:13	1	1	15	0
   117099	2026-03-06 17:57:14	1	1	15	0
   117022	2026-03-06 18:03:10	1	1	15	0
   117022	2026-03-06 18:03:12	1	1	15	0
   118024	2026-03-06 18:15:36	1	1	15	0
   110420	2026-03-09 06:43:19	1	1	15	0
   110420	2026-03-09 06:43:21	1	1	15	0
   110422	2026-03-09 06:43:26	1	1	15	0
   110422	2026-03-09 06:43:29	1	1	15	0
   118598	2026-03-09 06:50:35	1	1	15	0
   110329	2026-03-09 06:54:34	1	1	15	0
   110329	2026-03-09 06:54:36	1	1	15	0
   116137	2026-03-09 06:58:12	1	1	15	0
   116137	2026-03-09 06:58:13	1	1	15	0
   117099	2026-03-09 06:59:39	1	1	15	0
   118024	2026-03-09 07:14:13	1	1	15	0
   110541	2026-03-09 07:16:58	1	1	15	0
   110541	2026-03-09 07:17:00	1	1	15	0
   117022	2026-03-09 07:22:35	1	1	15	0
   110444	2026-03-09 07:38:10	1	1	15	0
   110444	2026-03-09 07:38:12	1	1	15	0
   110425	2026-03-09 07:40:25	1	1	15	0
   110425	2026-03-09 07:40:27	1	1	15	0
   110425	2026-03-09 07:40:43	1	1	15	0
   110425	2026-03-09 07:40:45	1	1	15	0
   110449	2026-03-09 07:45:19	1	1	15	0
   110449	2026-03-09 07:45:21	1	1	15	0
   110455	2026-03-09 07:53:47	1	1	15	0
   110623	2026-03-09 07:54:02	1	1	15	0
   110439	2026-03-09 07:54:12	1	1	15	0
   110433	2026-03-09 07:54:20	1	1	15	0
   110433	2026-03-09 07:54:22	1	1	15	0
   110018	2026-03-09 07:54:29	1	0	15	0
   110577	2026-03-09 07:59:01	1	0	15	0
   110577	2026-03-09 07:59:03	1	0	15	0
   110453	2026-03-09 08:02:41	1	0	15	0
   110453	2026-03-09 08:02:43	1	0	15	0
   110453	2026-03-09 12:00:27	1	0	15	0
   110453	2026-03-09 12:00:29	1	0	15	0
   110420	2026-03-09 12:00:38	1	0	15	0
   110420	2026-03-09 12:00:40	1	0	15	0
   110420	2026-03-09 12:00:41	1	0	15	0
   110541	2026-03-09 12:00:53	1	0	15	0
   110444	2026-03-09 12:01:18	1	0	15	0
   110444	2026-03-09 12:01:19	1	0	15	0
   110623	2026-03-09 12:02:07	1	0	15	0
   110433	2026-03-09 12:03:06	1	0	15	0
   110433	2026-03-09 12:03:08	1	0	15	0
   110455	2026-03-09 12:04:34	1	0	15	0
   110449	2026-03-09 12:06:06	1	0	15	0
   110046	2026-03-09 12:07:12	1	1	3	0
   118598	2026-03-09 12:09:15	1	1	15	0
   110577	2026-03-09 12:09:58	1	1	15	0
   110577	2026-03-09 12:10:00	1	1	15	0
   110577	2026-03-09 12:10:02	1	1	15	0
   110439	2026-03-09 12:10:19	1	1	15	0
   110422	2026-03-09 12:17:14	1	1	15	0
   110422	2026-03-09 12:17:16	1	1	15	0
   117022	2026-03-09 12:17:29	1	1	15	0
   117022	2026-03-09 12:17:31	1	1	15	0
   110623	2026-03-09 12:20:09	1	1	15	0
   110433	2026-03-09 12:20:56	1	1	15	0
   110433	2026-03-09 12:20:58	1	1	15	0
   116137	2026-03-09 12:22:21	1	1	15	0
   110425	2026-03-09 12:22:45	1	1	15	0
   110425	2026-03-09 12:22:47	1	1	15	0
   110449	2026-03-09 12:24:53	1	1	15	0
   110018	2026-03-09 12:26:50	1	1	15	0
   110018	2026-03-09 12:26:52	1	1	15	0
   117099	2026-03-09 12:26:56	1	1	15	0
   110046	2026-03-09 12:27:37	1	0	3	0
   110018	2026-03-09 12:33:01	1	0	15	0
   110018	2026-03-09 12:33:03	1	0	15	0
   118598	2026-03-09 12:34:58	1	0	15	0
   117022	2026-03-09 12:36:11	1	0	15	0
   110577	2026-03-09 12:36:22	1	0	15	0
   110577	2026-03-09 12:36:24	1	0	15	0
   110577	2026-03-09 12:36:26	1	0	15	0
   110439	2026-03-09 12:37:39	1	0	15	0
   110439	2026-03-09 12:37:41	1	0	15	0
   117099	2026-03-09 12:42:15	1	0	15	0
   116137	2026-03-09 12:42:29	1	0	15	0
   116137	2026-03-09 12:42:31	1	0	15	0
   110422	2026-03-09 12:43:23	1	0	15	0
   110422	2026-03-09 12:43:25	1	0	15	0
   110541	2026-03-09 12:51:42	1	0	15	0
   118024	2026-03-09 12:52:31	1	0	15	0
   110420	2026-03-09 12:53:07	1	0	15	0
   110420	2026-03-09 12:53:09	1	0	15	0
   110444	2026-03-09 12:53:16	1	0	15	0
   110444	2026-03-09 12:53:18	1	0	15	0
   118024	2026-03-09 12:57:58	1	0	15	0
   110453	2026-03-09 13:00:47	1	0	15	0
   110453	2026-03-09 13:00:49	1	0	15	0
   110455	2026-03-09 13:23:37	1	0	15	0
   110329	2026-03-09 17:00:47	1	0	15	0
   110329	2026-03-09 17:00:49	1	0	15	0
   110541	2026-03-09 17:01:49	1	0	15	0
   110623	2026-03-09 17:04:03	1	0	15	0
   110577	2026-03-09 17:04:33	1	0	15	0
   110577	2026-03-09 17:04:35	1	0	15	0
   110577	2026-03-09 17:04:37	1	0	15	0
   110433	2026-03-09 17:06:12	1	0	15	0
   110433	2026-03-09 17:06:14	1	0	15	0
   110455	2026-03-09 17:06:47	1	0	15	0
   110449	2026-03-09 17:07:05	1	0	15	0
   110444	2026-03-09 17:07:17	1	0	15	0
   110453	2026-03-09 17:16:46	1	0	15	0
   110439	2026-03-09 17:19:29	1	0	15	0
   118598	2026-03-09 18:09:51	1	0	15	0
   116137	2026-03-09 18:10:39	1	0	15	0
   117099	2026-03-09 18:10:45	1	0	15	0
   117099	2026-03-09 18:10:46	1	0	15	0
   110018	2026-03-09 19:39:34	1	1	15	0
   110018	2026-03-09 19:39:36	1	1	15	0
   118024	2026-03-09 20:57:35	1	1	15	0
   117022	2026-03-09 20:57:41	1	1	15	0
   117022	2026-03-09 20:59:38	1	1	15	0
   110422	2026-03-10 06:48:19	1	1	15	0
   110422	2026-03-10 06:48:21	1	1	15	0
   118598	2026-03-10 06:50:53	1	0	15	0
   118024	2026-03-10 06:57:55	1	0	15	0
   110433	2026-03-10 07:01:31	1	0	15	0
   110433	2026-03-10 07:01:33	1	0	15	0
   110329	2026-03-10 07:07:00	1	0	15	0
   117099	2026-03-10 07:09:06	1	0	15	0
   110046	2026-03-10 07:19:14	1	0	3	0
   110541	2026-03-10 07:24:40	1	0	15	0
   110444	2026-03-10 07:30:47	1	0	15	0
   116137	2026-03-10 07:45:47	1	0	15	0
   110420	2026-03-10 07:46:26	1	0	15	0
   110420	2026-03-10 07:46:28	1	0	15	0
   110453	2026-03-10 07:51:32	1	0	15	0
   110623	2026-03-10 07:52:29	1	0	15	0
   117022	2026-03-10 07:53:24	1	0	15	0
   117022	2026-03-10 07:53:26	1	0	15	0
   110441	2026-03-10 07:56:17	1	0	15	0
   110441	2026-03-10 07:56:19	1	0	15	0
   110425	2026-03-10 07:59:45	1	0	15	0
   110425	2026-03-10 07:59:47	1	0	15	0
   110455	2026-03-10 08:00:01	1	0	15	0
   110577	2026-03-10 08:16:08	1	0	15	0
   110577	2026-03-10 08:16:10	1	0	15	0
   110577	2026-03-10 08:16:12	1	0	15	0
   110439	2026-03-10 08:25:28	1	0	15	0
   110439	2026-03-10 08:25:30	1	0	15	0
   110455	2026-03-10 12:01:55	1	0	15	0
   110623	2026-03-10 12:02:02	1	0	15	0
   110420	2026-03-10 12:02:12	1	0	15	0
   110420	2026-03-10 12:02:13	1	0	15	0
   110441	2026-03-10 12:02:18	1	0	15	0
   117022	2026-03-10 12:02:26	1	0	15	0
   118024	2026-03-10 12:02:34	1	0	15	0
   110444	2026-03-10 12:03:10	1	0	15	0
   110453	2026-03-10 12:03:22	1	0	15	0
   110433	2026-03-10 12:03:33	1	0	15	0
   110433	2026-03-10 12:03:35	1	0	15	0
   110541	2026-03-10 12:05:50	1	0	15	0
   110541	2026-03-10 12:05:52	1	0	15	0
   110422	2026-03-10 12:06:40	1	0	15	0
   110449	2026-03-10 12:08:53	1	0	15	0
    10003	2026-03-10 12:09:20	1	0	15	0
    10003	2026-03-10 12:09:22	1	0	15	0
   110439	2026-03-10 12:10:22	1	0	15	0
   110420	2026-03-10 12:11:56	1	0	15	0
   110577	2026-03-10 12:12:14	1	0	15	0
   110577	2026-03-10 12:12:16	1	0	15	0
   110577	2026-03-10 12:12:18	1	0	15	0
   110425	2026-03-10 12:17:26	1	0	15	0
   110425	2026-03-10 12:17:28	1	0	15	0
   110425	2026-03-10 12:17:40	1	0	15	0
   117022	2026-03-10 12:18:28	1	0	15	0
   118024	2026-03-10 12:19:04	1	0	15	0
   110441	2026-03-10 12:22:22	1	0	15	0
   110441	2026-03-10 12:22:24	1	0	15	0
   110455	2026-03-10 12:23:20	1	0	15	0
   110449	2026-03-10 12:23:41	1	0	15	0
   110046	2026-03-10 12:26:10	1	1	3	0
   110433	2026-03-10 12:26:47	1	1	15	0
   110433	2026-03-10 12:26:49	1	1	15	0
   118598	2026-03-10 12:30:38	1	1	15	0
   117099	2026-03-10 12:30:46	1	1	15	0
   116137	2026-03-10 12:30:50	1	1	15	0
   110623	2026-03-10 12:30:58	1	1	15	0
   110444	2026-03-10 12:32:14	1	1	15	0
   110422	2026-03-10 12:41:26	1	1	15	0
   110422	2026-03-10 12:41:28	1	1	15	0
   110453	2026-03-10 12:41:32	1	1	15	0
   110439	2026-03-10 12:43:03	1	1	15	0
   110439	2026-03-10 12:43:05	1	1	15	0
   118598	2026-03-10 12:43:44	1	1	15	0
   110577	2026-03-10 12:44:37	1	1	15	0
   110577	2026-03-10 12:44:39	1	1	15	0
   110577	2026-03-10 12:44:41	1	1	15	0
   110541	2026-03-10 12:45:03	1	1	15	0
   110425	2026-03-10 12:50:04	1	1	15	0
   110425	2026-03-10 12:50:06	1	1	15	0
   117099	2026-03-10 12:52:08	1	1	15	0
   116137	2026-03-10 12:52:14	1	1	15	0
   116137	2026-03-10 12:52:16	1	1	15	0
   110422	2026-03-10 16:09:46	1	1	15	0
   110422	2026-03-10 16:09:48	1	1	15	0
   110623	2026-03-10 17:01:38	1	1	15	0
   110455	2026-03-10 17:01:52	1	1	15	0
   110449	2026-03-10 17:02:14	1	1	15	0
   110449	2026-03-10 17:02:16	1	1	15	0
   110541	2026-03-10 17:02:32	1	1	15	0
   110425	2026-03-10 17:05:52	1	1	15	0
   110425	2026-03-10 17:05:54	1	1	15	0
   110444	2026-03-10 17:06:19	1	1	15	0
   110420	2026-03-10 17:06:29	1	1	15	0
   110420	2026-03-10 17:06:31	1	1	15	0
   110577	2026-03-10 17:06:35	1	1	15	0
   110577	2026-03-10 17:06:37	1	1	15	0
   110577	2026-03-10 17:06:39	1	1	15	0
   110441	2026-03-10 17:06:56	1	1	15	0
   110441	2026-03-10 17:06:58	1	1	15	0
   110433	2026-03-10 17:20:48	1	1	15	0
   110433	2026-03-10 17:20:50	1	1	15	0
   110453	2026-03-10 17:23:13	1	1	15	0
   110439	2026-03-10 17:33:29	1	1	15	0
   110439	2026-03-10 17:33:31	1	1	15	0
   110046	2026-03-10 17:36:03	1	1	3	0
   118598	2026-03-10 18:02:15	1	1	15	0
   117099	2026-03-10 18:11:04	1	1	15	0
   117099	2026-03-10 18:11:06	1	1	15	0
   116137	2026-03-10 18:46:19	1	1	15	0
   118024	2026-03-10 18:54:27	1	1	15	0
   117022	2026-03-10 19:02:19	1	1	15	0
   117022	2026-03-10 19:02:21	1	1	15	0
   110018	2026-03-10 19:15:52	1	1	15	0
   110433	2026-03-11 06:29:02	1	1	15	0
   110433	2026-03-11 06:29:04	1	1	15	0
   110046	2026-03-11 06:36:47	1	0	3	0
   110422	2026-03-11 06:42:24	1	0	15	0
   110422	2026-03-11 06:42:26	1	0	15	0
   118598	2026-03-11 06:55:56	1	0	15	0
   118024	2026-03-11 07:03:47	1	0	15	0
   117099	2026-03-11 07:04:21	1	0	15	0
   117099	2026-03-11 07:04:23	1	0	15	0
   110541	2026-03-11 07:29:30	1	0	15	0
   110444	2026-03-11 07:35:52	1	0	15	0
   110423	2026-03-11 07:36:59	1	0	15	0
   110329	2026-03-11 07:37:07	1	0	15	0
   110018	2026-03-11 07:37:37	1	0	15	0
   110018	2026-03-11 07:37:38	1	0	15	0
   110441	2026-03-11 07:47:36	1	0	15	0
   110420	2026-03-11 07:48:50	1	0	15	0
   110420	2026-03-11 07:48:52	1	0	15	0
   117022	2026-03-11 07:50:19	1	0	15	0
   117022	2026-03-11 07:50:20	1	0	15	0
   110449	2026-03-11 07:54:38	1	0	15	0
   110455	2026-03-11 07:56:32	1	0	15	0
   110453	2026-03-11 07:59:21	1	0	15	0
   110439	2026-03-11 07:59:32	1	0	15	0
   110577	2026-03-11 08:00:20	1	0	15	0
   110577	2026-03-11 08:00:22	1	0	15	0
   110577	2026-03-11 08:00:24	1	0	15	0
   116137	2026-03-11 08:01:59	1	0	15	0
   110623	2026-03-11 08:04:52	1	0	15	0
   110425	2026-03-11 08:29:58	1	0	15	0
   110443	2026-03-11 08:40:29	1	0	15	0
   110443	2026-03-11 08:40:31	1	0	15	0
   110425	2026-03-11 12:00:12	1	0	15	0
   110425	2026-03-11 12:00:14	1	0	15	0
   110433	2026-03-11 12:00:32	1	0	15	0
   110433	2026-03-11 12:00:34	1	0	15	0
   110455	2026-03-11 12:00:41	1	0	15	0
   117099	2026-03-11 12:01:13	1	0	15	0
   110420	2026-03-11 12:01:20	1	0	15	0
   110420	2026-03-11 12:01:21	1	0	15	0
   110423	2026-03-11 12:01:31	1	0	15	0
   110423	2026-03-11 12:01:32	1	0	15	0
   110441	2026-03-11 12:02:05	1	0	15	0
   110541	2026-03-11 12:02:12	1	0	15	0
   118598	2026-03-11 12:02:29	1	0	15	0
   110577	2026-03-11 12:02:37	1	0	15	0
   110577	2026-03-11 12:02:42	1	0	15	0
   110444	2026-03-11 12:02:51	1	0	15	0
   110444	2026-03-11 12:02:53	1	0	15	0
   110443	2026-03-11 12:02:56	1	0	15	0
   110443	2026-03-11 12:02:58	1	0	15	0
   110623	2026-03-11 12:03:09	1	0	15	0
   110623	2026-03-11 12:03:11	1	0	15	0
   116137	2026-03-11 12:05:51	1	0	15	0
   110449	2026-03-11 12:07:51	1	0	15	0
   110420	2026-03-11 12:08:22	1	0	15	0
   117099	2026-03-11 12:08:34	1	0	15	0
   117099	2026-03-11 12:08:36	1	0	15	0
   110018	2026-03-11 12:13:15	1	1	15	0
   110623	2026-03-11 12:14:07	1	1	15	0
   110623	2026-03-11 12:14:09	1	1	15	0
   110444	2026-03-11 12:14:16	1	1	15	0
   110444	2026-03-11 12:14:18	1	1	15	0
   118598	2026-03-11 12:14:32	1	1	15	0
   118598	2026-03-11 12:14:34	1	1	15	0
   110441	2026-03-11 12:14:55	1	1	15	0
   110441	2026-03-11 12:14:56	1	1	15	0
   110046	2026-03-11 12:16:01	1	1	3	0
   110439	2026-03-11 12:17:50	1	1	15	0
   110439	2026-03-11 12:17:52	1	1	15	0
   110422	2026-03-11 12:20:40	1	1	15	0
   110422	2026-03-11 12:20:42	1	1	15	0
   110455	2026-03-11 12:23:13	1	1	15	0
   110018	2026-03-11 12:23:55	1	0	15	0
   110541	2026-03-11 12:25:34	1	0	15	0
   110433	2026-03-11 12:26:28	1	0	15	0
   116137	2026-03-11 12:30:01	1	0	15	0
   110425	2026-03-11 12:33:26	1	0	15	0
   110423	2026-03-11 12:33:52	1	0	15	0
   110423	2026-03-11 12:33:54	1	0	15	0
   110449	2026-03-11 12:38:03	1	0	15	0
   110577	2026-03-11 12:41:15	1	0	15	0
   110577	2026-03-11 12:41:17	1	0	15	0
   110577	2026-03-11 12:41:19	1	0	15	0
   110422	2026-03-11 12:41:52	1	0	15	0
   110422	2026-03-11 12:41:54	1	0	15	0
   110046	2026-03-11 12:49:04	1	0	3	0
   110443	2026-03-11 12:54:43	1	0	15	0
   110443	2026-03-11 12:54:45	1	0	15	0
   110453	2026-03-11 13:03:44	1	0	15	0
   110443	2026-03-11 15:05:18	1	0	15	0
   110443	2026-03-11 15:05:20	1	0	15	0
   110422	2026-03-11 16:02:05	1	0	15	0
   110422	2026-03-11 16:02:07	1	0	15	0
   110455	2026-03-11 17:00:11	1	0	15	0
   110444	2026-03-11 17:04:11	1	0	15	0
   110541	2026-03-11 17:04:27	1	0	15	0
   110623	2026-03-11 17:05:08	1	0	15	0
   110449	2026-03-11 17:07:05	1	0	15	0
   110577	2026-03-11 17:07:26	1	0	15	0
   110577	2026-03-11 17:07:28	1	0	15	0
   110577	2026-03-11 17:07:30	1	0	15	0
   110420	2026-03-11 17:07:54	1	0	15	0
   110420	2026-03-11 17:07:56	1	0	15	0
   110423	2026-03-11 17:08:08	1	0	15	0
   110433	2026-03-11 17:08:27	1	0	15	0
   110433	2026-03-11 17:08:29	1	0	15	0
   110425	2026-03-11 17:09:02	1	0	15	0
   110441	2026-03-11 17:09:21	1	0	15	0
   110441	2026-03-11 17:09:23	1	0	15	0
   118598	2026-03-11 18:01:07	1	0	15	0
   117099	2026-03-11 18:19:02	1	0	15	0
   110018	2026-03-11 19:00:44	1	1	15	0
   110018	2026-03-11 19:00:46	1	1	15	0
   116137	2026-03-11 19:05:26	1	1	15	0
   118024	2026-03-11 19:12:07	1	1	15	0
   117022	2026-03-11 19:18:30	1	1	15	0
   117022	2026-03-11 19:18:32	1	1	15	0
   110422	2026-03-12 06:33:52	1	1	15	0
   110422	2026-03-12 06:33:53	1	1	15	0
   110423	2026-03-12 06:50:41	1	1	15	0
   110433	2026-03-12 06:54:00	1	1	15	0
   110433	2026-03-12 06:54:02	1	1	15	0
   110420	2026-03-12 07:04:13	1	1	15	0
   110329	2026-03-12 07:05:27	1	1	15	0
   110329	2026-03-12 07:05:29	1	1	15	0
   118024	2026-03-12 07:12:09	1	1	15	0
   117099	2026-03-12 07:15:59	1	1	15	0
   118598	2026-03-12 07:18:14	1	1	15	0
   118598	2026-03-12 07:19:01	1	0	15	0
   118598	2026-03-12 07:19:03	1	0	15	0
   110541	2026-03-12 07:28:33	1	0	15	0
   117022	2026-03-12 07:32:21	1	0	15	0
   117022	2026-03-12 07:32:23	1	0	15	0
   110444	2026-03-12 07:44:44	1	0	15	0
   110018	2026-03-12 07:45:00	1	0	15	0
   110018	2026-03-12 07:45:02	1	0	15	0
   110453	2026-03-12 07:51:00	1	0	15	0
   110441	2026-03-12 07:52:54	1	0	15	0
   110441	2026-03-12 07:52:56	1	0	15	0
   116137	2026-03-12 07:53:22	1	0	15	0
   116137	2026-03-12 07:53:24	1	0	15	0
   110425	2026-03-12 07:54:29	1	0	15	0
   110455	2026-03-12 07:58:01	1	0	15	0
   110577	2026-03-12 07:58:05	1	0	15	0
   110577	2026-03-12 07:58:08	1	0	15	0
   110577	2026-03-12 07:58:10	1	0	15	0
   110623	2026-03-12 08:00:13	1	0	15	0
   110623	2026-03-12 08:00:15	1	0	15	0
   110449	2026-03-12 08:00:34	1	0	15	0
   110449	2026-03-12 08:00:35	1	0	15	0
   110443	2026-03-12 08:38:00	1	0	15	0
   110443	2026-03-12 08:38:02	1	0	15	0
   300000	2026-03-12 09:59:47	1	0	15	0
   300000	2026-03-12 09:59:49	1	0	15	0
   117022	2026-03-12 12:00:12	1	0	15	0
   110425	2026-03-12 12:00:20	1	0	15	0
   110420	2026-03-12 12:01:46	1	0	15	0
   110420	2026-03-12 12:01:48	1	0	15	0
   110423	2026-03-12 12:01:56	1	0	15	0
   110423	2026-03-12 12:01:59	1	0	15	0
   110453	2026-03-12 12:03:19	1	0	15	0
   110541	2026-03-12 12:03:36	1	0	15	0
   110443	2026-03-12 12:04:04	1	0	15	0
   110443	2026-03-12 12:04:06	1	0	15	0
   110577	2026-03-12 12:04:10	1	0	15	0
   110577	2026-03-12 12:04:12	1	0	15	0
   110455	2026-03-12 12:05:36	1	0	15	0
   110623	2026-03-12 12:05:58	1	0	15	0
   110438	2026-03-12 12:08:15	1	0	15	0
   110438	2026-03-12 12:08:17	1	0	15	0
   110438	2026-03-12 12:08:19	1	0	15	0
   110438	2026-03-12 12:08:20	1	0	15	0
   110438	2026-03-12 12:08:27	1	0	15	0
   110438	2026-03-12 12:08:30	1	0	15	0
   110438	2026-03-12 12:08:32	1	0	15	0
   110433	2026-03-12 12:08:45	1	0	15	0
   110433	2026-03-12 12:08:47	1	0	15	0
   110438	2026-03-12 12:09:42	1	0	15	0
   110438	2026-03-12 12:09:44	1	0	15	0
   118598	2026-03-12 12:10:39	1	0	15	0
   110444	2026-03-12 12:11:04	1	0	15	0
   110422	2026-03-12 12:12:57	1	0	15	0
   110422	2026-03-12 12:12:59	1	0	15	0
   110623	2026-03-12 12:13:17	1	0	15	0
   110449	2026-03-12 12:18:40	1	0	15	0
   118598	2026-03-12 12:22:59	1	0	15	0
   117022	2026-03-12 12:23:27	1	0	15	0
   117022	2026-03-12 12:23:29	1	0	15	0
   110433	2026-03-12 12:24:34	1	0	15	0
   110433	2026-03-12 12:24:35	1	0	15	0
   110444	2026-03-12 12:24:44	1	0	15	0
   118024	2026-03-12 12:24:58	1	0	15	0
   118024	2026-03-12 12:25:00	1	0	15	0
   110441	2026-03-12 12:25:06	1	0	15	0
   110441	2026-03-12 12:25:07	1	0	15	0
   110425	2026-03-12 12:29:22	1	0	15	0
   110455	2026-03-12 12:30:33	1	0	15	0
   110449	2026-03-12 12:31:29	1	0	15	0
   110449	2026-03-12 12:31:31	1	0	15	0
   110018	2026-03-12 12:33:57	1	1	15	0
   110018	2026-03-12 12:33:59	1	1	15	0
   118024	2026-03-12 12:36:02	1	1	15	0
   110423	2026-03-12 12:36:28	1	1	15	0
   110423	2026-03-12 12:36:30	1	1	15	0
   117099	2026-03-12 12:37:34	1	1	15	0
   116137	2026-03-12 12:37:55	1	1	15	0
   116137	2026-03-12 12:37:56	1	1	15	0
   110577	2026-03-12 12:38:05	1	1	15	0
   110577	2026-03-12 12:38:06	1	1	15	0
   110577	2026-03-12 12:38:08	1	1	15	0
   110541	2026-03-12 12:39:20	1	1	15	0
   110018	2026-03-12 12:40:36	1	0	15	0
   110453	2026-03-12 12:42:31	1	0	15	0
   110443	2026-03-12 12:44:26	1	0	15	0
   110443	2026-03-12 12:44:28	1	0	15	0
   116137	2026-03-12 12:45:15	1	0	15	0
   117099	2026-03-12 12:45:23	1	0	15	0
   110422	2026-03-12 12:50:57	1	0	15	0
   110422	2026-03-12 12:50:59	1	0	15	0
   110422	2026-03-12 12:51:01	1	0	15	0
   110441	2026-03-12 12:51:27	1	0	15	0
   110441	2026-03-12 12:51:29	1	0	15	0
   110420	2026-03-12 12:53:10	1	0	15	0
   110420	2026-03-12 12:53:12	1	0	15	0
   110439	2026-03-12 12:55:43	1	0	15	0
   110438	2026-03-12 13:08:01	1	0	15	0
   110443	2026-03-12 15:04:25	1	0	15	0
   110443	2026-03-12 15:04:27	1	0	15	0
   110422	2026-03-12 16:04:54	1	0	15	0
   110422	2026-03-12 16:04:56	1	0	15	0
   110420	2026-03-12 16:05:10	1	0	15	0
   110420	2026-03-12 16:05:12	1	0	15	0
   110455	2026-03-12 17:02:11	1	0	15	0
   110623	2026-03-12 17:02:31	1	0	15	0
   110444	2026-03-12 17:03:05	1	0	15	0
   110577	2026-03-12 17:05:13	1	0	15	0
   110577	2026-03-12 17:05:15	1	0	15	0
   110577	2026-03-12 17:05:17	1	0	15	0
   110541	2026-03-12 17:05:25	1	0	15	0
   110449	2026-03-12 17:07:18	1	0	15	0
   110425	2026-03-12 17:07:43	1	0	15	0
   110425	2026-03-12 17:07:45	1	0	15	0
   110441	2026-03-12 17:10:47	1	0	15	0
   110441	2026-03-12 17:10:48	1	0	15	0
   110433	2026-03-12 17:14:21	1	0	15	0
   110433	2026-03-12 17:14:23	1	0	15	0
   110453	2026-03-12 17:29:27	1	0	15	0
   110438	2026-03-12 17:30:19	1	0	15	0
   110439	2026-03-12 17:30:26	1	0	15	0
   110439	2026-03-12 17:30:28	1	0	15	0
   117099	2026-03-12 18:18:39	1	0	15	0
   118024	2026-03-12 18:21:09	1	0	15	0
   118024	2026-03-12 18:21:11	1	0	15	0
   116137	2026-03-12 18:58:05	1	0	15	0
   110018	2026-03-12 19:09:29	1	1	15	0
   110018	2026-03-12 19:09:31	1	1	15	0
   118598	2026-03-12 20:04:17	1	1	15	0
   117022	2026-03-12 20:04:22	1	1	15	0
   117022	2026-03-12 20:04:24	1	1	15	0
   110541	2026-03-13 06:31:19	1	1	15	0
   110422	2026-03-13 06:32:01	1	1	15	0
   110422	2026-03-13 06:32:03	1	1	15	0
   110441	2026-03-13 06:51:13	1	1	15	0
   110441	2026-03-13 06:51:15	1	1	15	0
   110420	2026-03-13 06:56:58	1	1	15	0
   110420	2026-03-13 06:57:00	1	1	15	0
   110444	2026-03-13 07:35:37	1	1	15	0
   110623	2026-03-13 07:54:47	1	1	15	0
   110438	2026-03-13 07:55:11	1	1	15	0
   110438	2026-03-13 07:55:13	1	1	15	0
   110449	2026-03-13 07:56:43	1	1	15	0
   110449	2026-03-13 07:56:45	1	1	15	0
   110423	2026-03-13 07:59:32	1	1	15	0
   110439	2026-03-13 08:04:21	1	1	15	0
   110439	2026-03-13 08:04:22	1	1	15	0
   110455	2026-03-13 08:10:57	1	1	15	0
   110425	2026-03-13 08:20:06	1	1	15	0
   110443	2026-03-13 08:27:25	1	1	15	0
   110443	2026-03-13 08:27:27	1	1	15	0
   110433	2026-03-13 08:47:28	1	1	15	0
   118024	2026-03-13 08:47:32	1	1	15	0
   110420	2026-03-13 12:01:18	1	1	15	0
   110420	2026-03-13 12:01:20	1	1	15	0
   110423	2026-03-13 12:01:26	1	1	15	0
   110423	2026-03-13 12:01:28	1	1	15	0
   110433	2026-03-13 12:01:36	1	1	15	0
   110541	2026-03-13 12:02:05	1	1	15	0
   110443	2026-03-13 12:04:00	1	1	15	0
   110443	2026-03-13 12:04:02	1	1	15	0
   110455	2026-03-13 12:04:27	1	1	15	0
   110623	2026-03-13 12:05:09	1	1	15	0
   110443	2026-03-13 12:05:14	1	1	15	0
   110443	2026-03-13 12:05:16	1	1	15	0
   110444	2026-03-13 12:06:18	1	1	15	0
   110439	2026-03-13 12:10:11	1	1	15	0
   110438	2026-03-13 12:10:21	1	1	15	0
   118024	2026-03-13 12:15:25	1	1	15	0
   110422	2026-03-13 12:15:37	1	1	15	0
   110422	2026-03-13 12:15:39	1	1	15	0
   110433	2026-03-13 12:16:04	1	1	15	0
   110623	2026-03-13 12:18:58	1	1	15	0
   110425	2026-03-13 12:20:20	1	1	15	0
   110422	2026-03-13 12:23:56	1	1	15	0
   110422	2026-03-13 12:23:58	1	1	15	0
   110441	2026-03-13 12:25:09	1	1	15	0
   110441	2026-03-13 12:25:11	1	1	15	0
   110444	2026-03-13 12:27:15	1	1	15	0
   110455	2026-03-13 12:27:53	1	1	15	0
   110438	2026-03-13 12:31:50	1	1	15	0
   110438	2026-03-13 12:31:52	1	1	15	0
   110441	2026-03-13 12:33:42	1	1	15	0
   110423	2026-03-13 12:34:26	1	1	15	0
   110449	2026-03-13 12:35:04	1	1	15	0
   110541	2026-03-13 12:37:21	1	1	15	0
   110439	2026-03-13 12:37:59	1	1	15	0
   110425	2026-03-13 12:41:06	1	1	15	0
   110425	2026-03-13 12:41:08	1	1	15	0
   110443	2026-03-13 15:00:28	1	1	15	0
   110443	2026-03-13 15:00:29	1	1	15	0
   110444	2026-03-13 17:05:32	1	1	15	0
   110425	2026-03-13 17:05:58	1	1	15	0
   110425	2026-03-13 17:06:00	1	1	15	0
   110423	2026-03-13 17:06:40	1	1	15	0
   110423	2026-03-13 17:06:42	1	1	15	0
   110438	2026-03-13 17:42:13	1	1	15	0
   110439	2026-03-13 17:42:37	1	1	15	0
   110433	2026-03-13 18:00:57	1	1	15	0
   110433	2026-03-13 18:00:59	1	1	15	0
   110422	2026-03-17 06:44:38	1	1	15	0
   110422	2026-03-17 06:44:40	1	1	15	0
   110420	2026-03-17 06:49:16	1	1	15	0
   110329	2026-03-17 07:07:36	1	1	15	0
   117099	2026-03-17 07:07:49	1	1	15	0
   118024	2026-03-17 07:16:33	1	1	15	0
   110423	2026-03-17 07:25:34	1	1	15	0
   118598	2026-03-17 07:29:42	1	0	15	0
   110541	2026-03-17 07:29:50	1	0	15	0
   117022	2026-03-17 07:34:13	1	0	15	0
   110444	2026-03-17 07:34:24	1	0	15	0
   110433	2026-03-17 07:50:09	1	0	15	0
   110433	2026-03-17 07:50:11	1	0	15	0
   110425	2026-03-17 07:53:56	1	0	15	0
   110425	2026-03-17 07:54:00	1	0	15	0
   110453	2026-03-17 07:56:12	1	0	15	0
   110441	2026-03-17 07:58:40	1	0	15	0
   116137	2026-03-17 08:06:11	1	0	15	0
   110623	2026-03-17 08:08:32	1	0	15	0
   110455	2026-03-17 08:12:49	1	0	15	0
   110438	2026-03-17 08:15:09	1	0	15	0
   110438	2026-03-17 08:15:11	1	0	15	0
   110449	2026-03-17 08:15:56	1	0	15	0
   110449	2026-03-17 08:15:58	1	0	15	0
   110577	2026-03-17 08:18:55	1	0	15	0
   110577	2026-03-17 08:18:57	1	0	15	0
   110420	2026-03-17 12:01:46	1	0	15	0
   110420	2026-03-17 12:01:48	1	0	15	0
   110577	2026-03-17 12:01:54	1	0	15	0
   110577	2026-03-17 12:01:56	1	0	15	0
   110438	2026-03-17 12:02:31	1	0	15	0
   110541	2026-03-17 12:02:59	1	0	15	0
   110444	2026-03-17 12:03:11	1	0	15	0
   110453	2026-03-17 12:03:29	1	0	15	0
   110455	2026-03-17 12:04:52	1	0	15	0
   110423	2026-03-17 12:05:10	1	0	15	0
   110423	2026-03-17 12:05:12	1	0	15	0
   110449	2026-03-17 12:05:25	1	0	15	0
   110623	2026-03-17 12:05:30	1	0	15	0
   110433	2026-03-17 12:06:06	1	0	15	0
   110577	2026-03-17 12:06:27	1	0	15	0
   110577	2026-03-17 12:06:28	1	0	15	0
   110422	2026-03-17 12:09:08	1	0	15	0
   110422	2026-03-17 12:09:09	1	0	15	0
   117022	2026-03-17 12:09:34	1	0	15	0
   110441	2026-03-17 12:09:45	1	0	15	0
   110441	2026-03-17 12:09:47	1	0	15	0
   110433	2026-03-17 12:12:35	1	0	15	0
   110433	2026-03-17 12:12:37	1	0	15	0
   110623	2026-03-17 12:14:28	1	0	15	0
   110455	2026-03-17 12:14:34	1	0	15	0
   110449	2026-03-17 12:23:03	1	0	15	0
   117022	2026-03-17 12:23:45	1	0	15	0
   117022	2026-03-17 12:23:47	1	0	15	0
   110444	2026-03-17 12:26:20	1	0	15	0
   110441	2026-03-17 12:28:07	1	0	15	0
   116137	2026-03-17 12:28:18	1	0	15	0
   117099	2026-03-17 12:28:23	1	0	15	0
   118598	2026-03-17 12:28:35	1	0	15	0
   110420	2026-03-17 12:29:05	1	0	15	0
   110420	2026-03-17 12:29:07	1	0	15	0
   118598	2026-03-17 12:39:24	1	0	15	0
   110453	2026-03-17 12:42:33	1	0	15	0
   110422	2026-03-17 12:43:23	1	0	15	0
   110422	2026-03-17 12:43:25	1	0	15	0
   118024	2026-03-17 12:43:45	1	0	15	0
   110541	2026-03-17 12:47:31	1	0	15	0
   117099	2026-03-17 12:49:52	1	0	15	0
   117099	2026-03-17 12:49:54	1	0	15	0
   110423	2026-03-17 12:50:18	1	0	15	0
   110423	2026-03-17 12:50:19	1	0	15	0
   110420	2026-03-17 16:03:31	1	0	15	0
   110422	2026-03-17 16:03:39	1	0	15	0
   110422	2026-03-17 16:03:41	1	0	15	0
   110444	2026-03-17 17:11:56	1	0	15	0
   110541	2026-03-17 17:15:12	1	0	15	0
   110423	2026-03-17 17:15:28	1	0	15	0
   110455	2026-03-17 17:16:35	1	0	15	0
   110623	2026-03-17 17:16:42	1	0	15	0
   110441	2026-03-17 17:17:10	1	0	15	0
   110441	2026-03-17 17:17:12	1	0	15	0
   110449	2026-03-17 17:20:33	1	0	15	0
   110577	2026-03-17 17:39:50	1	0	15	0
   110577	2026-03-17 17:39:52	1	0	15	0
   110433	2026-03-17 17:43:18	1	0	15	0
   110433	2026-03-17 17:43:20	1	0	15	0
   110453	2026-03-17 17:52:38	1	0	15	0
   110425	2026-03-17 18:00:50	1	0	15	0
   110425	2026-03-17 18:00:52	1	0	15	0
   117099	2026-03-17 18:18:43	1	0	15	0
   116137	2026-03-17 18:55:19	1	0	15	0
   118598	2026-03-17 19:06:28	1	0	15	0
   118598	2026-03-17 19:06:30	1	0	15	0
   118024	2026-03-17 19:11:06	1	0	15	0
   110433	2026-03-18 06:20:37	1	0	15	0
   110422	2026-03-18 06:37:00	1	0	15	0
   110422	2026-03-18 06:37:02	1	0	15	0
   110046	2026-03-18 06:39:07	1	0	3	0
   110449	2026-03-18 06:51:16	1	0	15	0
   110449	2026-03-18 06:51:18	1	0	15	0
   110329	2026-03-18 07:08:13	1	0	15	0
   117099	2026-03-18 07:10:58	1	0	15	0
   110541	2026-03-18 07:20:09	1	0	15	0
   110444	2026-03-18 07:24:01	1	0	15	0
   118598	2026-03-18 07:29:41	1	0	15	0
   110420	2026-03-18 07:41:01	1	0	15	0
   110420	2026-03-18 07:41:03	1	0	15	0
   110438	2026-03-18 07:45:04	1	0	15	0
   110438	2026-03-18 07:45:06	1	0	15	0
   117022	2026-03-18 07:46:03	1	0	15	0
   118024	2026-03-18 07:48:23	1	0	15	0
   110443	2026-03-18 07:51:19	1	0	15	0
   110453	2026-03-18 07:51:48	1	0	15	0
   110441	2026-03-18 07:55:09	1	0	15	0
   110623	2026-03-18 07:59:04	1	0	15	0
   116137	2026-03-18 07:59:43	1	0	15	0
   116137	2026-03-18 07:59:45	1	0	15	0
   110425	2026-03-18 07:59:55	1	0	15	0
   110455	2026-03-18 08:05:43	1	0	15	0
   110423	2026-03-18 08:06:14	1	0	15	0
   110443	2026-03-18 12:00:08	1	0	15	0
   110425	2026-03-18 12:01:03	1	0	15	0
   110420	2026-03-18 12:01:29	1	0	15	0
   110420	2026-03-18 12:01:31	1	0	15	0
   110623	2026-03-18 12:02:03	1	0	15	0
   110541	2026-03-18 12:02:38	1	0	15	0
   110443	2026-03-18 12:03:31	1	0	15	0
   110443	2026-03-18 12:03:33	1	0	15	0
   110449	2026-03-18 12:04:10	1	0	15	0
   110455	2026-03-18 12:06:36	1	0	15	0
   110441	2026-03-18 12:06:51	1	0	15	0
   110444	2026-03-18 12:07:01	1	0	15	0
   110420	2026-03-18 12:07:15	1	0	15	0
   110420	2026-03-18 12:07:17	1	0	15	0
   110623	2026-03-18 12:07:30	1	0	15	0
   110433	2026-03-18 12:07:45	1	0	15	0
   118024	2026-03-18 12:07:55	1	0	15	0
   110422	2026-03-18 12:08:29	1	0	15	0
   110422	2026-03-18 12:08:31	1	0	15	0
   110046	2026-03-18 12:15:11	1	1	3	0
   118024	2026-03-18 12:15:41	1	1	15	0
   110438	2026-03-18 12:17:09	1	1	15	0
   110423	2026-03-18 12:18:29	1	1	15	0
   110453	2026-03-18 12:19:21	1	1	15	0
   117022	2026-03-18 12:19:28	1	1	15	0
   117099	2026-03-18 12:23:10	1	1	15	0
   118598	2026-03-18 12:24:42	1	1	15	0
   118598	2026-03-18 12:24:44	1	1	15	0
   116137	2026-03-18 12:25:12	1	1	15	0
   110444	2026-03-18 12:28:40	1	1	15	0
   110455	2026-03-18 12:28:46	1	1	15	0
   110441	2026-03-18 12:28:52	1	1	15	0
   118598	2026-03-18 12:30:37	1	1	15	0
   110046	2026-03-18 12:31:57	1	0	3	0
   110453	2026-03-18 12:32:05	1	0	15	0
   110422	2026-03-18 12:32:25	1	0	15	0
   110422	2026-03-18 12:32:27	1	0	15	0
   110423	2026-03-18 12:36:25	1	0	15	0
   110423	2026-03-18 12:36:27	1	0	15	0
   110449	2026-03-18 12:36:44	1	0	15	0
   110425	2026-03-18 12:38:54	1	0	15	0
   116137	2026-03-18 12:40:36	1	0	15	0
   117099	2026-03-18 12:40:43	1	0	15	0
   110541	2026-03-18 12:46:28	1	0	15	0
   117022	2026-03-18 12:49:02	1	0	15	0
   117022	2026-03-18 12:50:23	1	0	15	0
   110433	2026-03-18 12:51:09	1	0	15	0
   110443	2026-03-18 15:00:38	1	0	15	0
   110422	2026-03-18 16:02:15	1	0	15	0
   110422	2026-03-18 16:02:17	1	0	15	0
   110623	2026-03-18 17:05:08	1	0	15	0
   110541	2026-03-18 17:06:35	1	0	15	0
   110423	2026-03-18 17:07:56	1	0	15	0
   110444	2026-03-18 17:08:53	1	0	15	0
   110455	2026-03-18 17:10:09	1	0	15	0
   110329	2026-03-18 17:11:10	1	0	15	0
   110425	2026-03-18 17:12:55	1	0	15	0
   110420	2026-03-18 17:16:51	1	0	15	0
   110420	2026-03-18 17:16:53	1	0	15	0
   110433	2026-03-18 17:17:18	1	0	15	0
   110433	2026-03-18 17:17:20	1	0	15	0
   110453	2026-03-18 17:41:37	1	0	15	0
   110438	2026-03-18 17:48:47	1	0	15	0
   110046	2026-03-18 18:11:49	1	1	3	0
   117099	2026-03-18 18:17:03	1	1	15	0
   110441	2026-03-18 19:03:32	1	1	15	0
   110441	2026-03-18 19:03:34	1	1	15	0
   118598	2026-03-18 19:05:28	1	1	15	0
   116137	2026-03-18 19:18:53	1	1	15	0
   118024	2026-03-18 19:20:21	1	1	15	0
   118024	2026-03-18 19:20:23	1	1	15	0
   117022	2026-03-18 19:22:25	1	1	15	0
   117022	2026-03-18 19:24:50	1	1	15	0
   110541	2026-03-19 06:26:27	1	1	15	0
   110422	2026-03-19 06:38:17	1	1	15	0
   110422	2026-03-19 06:38:19	1	1	15	0
   110423	2026-03-19 06:53:18	1	1	15	0
   118598	2026-03-19 07:00:39	1	0	15	0
   118024	2026-03-19 07:15:44	1	0	15	0
   117099	2026-03-19 07:22:10	1	0	15	0
   110444	2026-03-19 07:30:04	1	0	15	0
   110420	2026-03-19 07:37:46	1	0	15	0
   110420	2026-03-19 07:37:48	1	0	15	0
   117022	2026-03-19 07:41:58	1	0	15	0
   110455	2026-03-19 07:53:23	1	0	15	0
   110441	2026-03-19 07:55:52	1	0	15	0
   110433	2026-03-19 08:02:03	1	0	15	0
   110433	2026-03-19 08:02:05	1	0	15	0
   110449	2026-03-19 08:02:26	1	0	15	0
   110453	2026-03-19 08:12:12	1	0	15	0
   116137	2026-03-19 08:14:54	1	0	15	0
   110425	2026-03-19 08:19:10	1	0	15	0
   110438	2026-03-19 08:22:44	1	0	15	0
   110623	2026-03-19 08:25:48	1	0	15	0
   110433	2026-03-19 12:01:38	1	0	15	0
   110433	2026-03-19 12:01:40	1	0	15	0
   110423	2026-03-19 12:02:13	1	0	15	0
   110423	2026-03-19 12:02:15	1	0	15	0
   110623	2026-03-19 12:02:30	1	0	15	0
   110425	2026-03-19 12:02:41	1	0	15	0
   110541	2026-03-19 12:03:05	1	0	15	0
   110444	2026-03-19 12:08:02	1	0	15	0
   110455	2026-03-19 12:09:16	1	0	15	0
   110441	2026-03-19 12:09:20	1	0	15	0
   110425	2026-03-19 12:10:12	1	0	15	0
   110425	2026-03-19 12:10:14	1	0	15	0
   118024	2026-03-19 12:11:11	1	0	15	0
   110420	2026-03-19 12:11:22	1	0	15	0
   110420	2026-03-19 12:11:24	1	0	15	0
   117022	2026-03-19 12:13:32	1	0	15	0
   110422	2026-03-19 12:14:10	1	0	15	0
   110422	2026-03-19 12:14:12	1	0	15	0
   118024	2026-03-19 12:16:11	1	0	15	0
   117099	2026-03-19 12:20:40	1	0	15	0
   117099	2026-03-19 12:20:42	1	0	15	0
   117022	2026-03-19 12:22:25	1	0	15	0
   110433	2026-03-19 12:27:03	1	0	15	0
   110433	2026-03-19 12:27:05	1	0	15	0
   118598	2026-03-19 12:30:49	1	0	15	0
   110444	2026-03-19 12:31:05	1	0	15	0
   110441	2026-03-19 12:31:12	1	0	15	0
   110455	2026-03-19 12:31:21	1	0	15	0
   117099	2026-03-19 12:33:02	1	0	15	0
   117099	2026-03-19 12:33:04	1	0	15	0
   110449	2026-03-19 12:33:19	1	0	15	0
   110449	2026-03-19 12:33:20	1	0	15	0
   110422	2026-03-19 12:34:24	1	0	15	0
   110422	2026-03-19 12:34:26	1	0	15	0
   110453	2026-03-19 12:41:37	1	0	15	0
   110449	2026-03-19 12:42:52	1	0	15	0
   110423	2026-03-19 12:44:17	1	0	15	0
   110438	2026-03-19 12:44:25	1	0	15	0
   110438	2026-03-19 12:44:27	1	0	15	0
   110541	2026-03-19 12:50:42	1	0	15	0
   116137	2026-03-19 12:51:22	1	0	15	0
   116137	2026-03-19 12:51:24	1	0	15	0
   110453	2026-03-19 12:52:01	1	0	15	0
   110438	2026-03-19 12:54:11	1	0	15	0
   110438	2026-03-19 12:54:13	1	0	15	0
   118598	2026-03-19 12:55:08	1	0	15	0
   118598	2026-03-19 12:55:10	1	0	15	0
   117022	2026-03-19 12:55:45	1	0	15	0
   116137	2026-03-19 12:58:00	1	0	15	0
   110420	2026-03-19 13:01:22	1	0	15	0
   110420	2026-03-19 13:01:23	1	0	15	0
   110422	2026-03-19 16:04:21	1	0	15	0
   110422	2026-03-19 16:04:23	1	0	15	0
   110541	2026-03-19 16:45:42	1	0	15	0
   110425	2026-03-19 17:11:02	1	0	15	0
   110441	2026-03-19 17:11:14	1	0	15	0
   110455	2026-03-19 17:11:20	1	0	15	0
   110444	2026-03-19 17:12:35	1	0	15	0
   110420	2026-03-19 17:14:48	1	0	15	0
   110449	2026-03-19 17:20:51	1	0	15	0
   110449	2026-03-19 17:20:53	1	0	15	0
   110453	2026-03-19 17:30:12	1	0	15	0
   110438	2026-03-19 17:33:13	1	0	15	0
   110438	2026-03-19 17:33:15	1	0	15	0
   118598	2026-03-19 18:18:03	1	0	15	0
   118598	2026-03-19 18:18:05	1	0	15	0
   117099	2026-03-19 18:47:26	1	0	15	0
   117099	2026-03-19 18:47:28	1	0	15	0
   110433	2026-03-19 20:17:06	1	0	15	0
   110433	2026-03-19 20:17:08	1	0	15	0
   118024	2026-03-19 20:28:59	1	0	15	0
   110433	2026-03-23 06:15:17	1	0	15	0
   110433	2026-03-23 06:15:19	1	0	15	0
   110541	2026-03-23 06:23:32	1	0	15	0
   110018	2026-03-23 06:24:52	1	0	15	0
   110018	2026-03-23 06:24:54	1	0	15	0
   110420	2026-03-23 06:32:21	1	0	15	0
   117022	2026-03-23 06:32:40	1	0	15	0
   110329	2026-03-23 06:42:32	1	0	15	0
   110329	2026-03-23 06:42:34	1	0	15	0
   110422	2026-03-23 06:45:13	1	0	15	0
   110422	2026-03-23 06:45:15	1	0	15	0
   110444	2026-03-23 06:49:29	1	0	15	0
   118598	2026-03-23 06:55:03	1	0	15	0
   118598	2026-03-23 06:55:05	1	0	15	0
   110449	2026-03-23 07:09:45	1	0	15	0
   110455	2026-03-23 07:49:03	1	0	15	0
   110453	2026-03-23 07:53:21	1	0	15	0
   110623	2026-03-23 07:59:23	1	0	15	0
   110423	2026-03-23 08:01:23	1	0	15	0
   110441	2026-03-23 08:05:30	1	0	15	0
   110438	2026-03-23 08:14:09	1	0	15	0
   110425	2026-03-23 08:18:46	1	0	15	0
   110433	2026-03-23 12:01:37	1	0	15	0
   110541	2026-03-23 12:02:39	1	0	15	0
   110623	2026-03-23 12:03:11	1	0	15	0
   110444	2026-03-23 12:03:20	1	0	15	0
   110423	2026-03-23 12:03:45	1	0	15	0
   110441	2026-03-23 12:04:15	1	0	15	0
   110425	2026-03-23 12:04:33	1	0	15	0
   110425	2026-03-23 12:04:35	1	0	15	0
   110422	2026-03-23 12:05:02	1	0	15	0
   110422	2026-03-23 12:05:04	1	0	15	0
   110455	2026-03-23 12:05:21	1	0	15	0
   110420	2026-03-23 12:05:51	1	0	15	0
   110420	2026-03-23 12:05:53	1	0	15	0
   110433	2026-03-23 12:07:14	1	0	15	0
   110449	2026-03-23 12:12:23	1	0	15	0
   110018	2026-03-23 12:14:41	1	1	15	0
   110438	2026-03-23 12:15:56	1	1	15	0
   110455	2026-03-23 12:16:22	1	1	15	0
   117022	2026-03-23 12:17:00	1	1	15	0
   110046	2026-03-23 12:18:35	1	1	3	0
   110018	2026-03-23 12:19:33	1	0	15	0
   110018	2026-03-23 12:19:35	1	0	15	0
   116137	2026-03-23 12:19:57	1	0	15	0
   116137	2026-03-23 12:19:59	1	0	15	0
   117099	2026-03-23 12:20:12	1	0	15	0
   117099	2026-03-23 12:20:13	1	0	15	0
   110623	2026-03-23 12:20:34	1	0	15	0
   110444	2026-03-23 12:20:40	1	0	15	0
   118024	2026-03-23 12:21:45	1	0	15	0
   118024	2026-03-23 12:21:47	1	0	15	0
   110425	2026-03-23 12:27:58	1	0	15	0
   117022	2026-03-23 12:30:33	1	0	15	0
   110449	2026-03-23 12:34:21	1	0	15	0
   110453	2026-03-23 12:35:00	1	0	15	0
   116137	2026-03-23 12:36:18	1	0	15	0
   116137	2026-03-23 12:36:20	1	0	15	0
   117099	2026-03-23 12:36:33	1	0	15	0
   110541	2026-03-23 12:39:27	1	0	15	0
   110438	2026-03-23 12:39:39	1	0	15	0
   110046	2026-03-23 12:42:27	1	0	3	0
   110423	2026-03-23 12:45:46	1	0	15	0
   110422	2026-03-23 12:47:55	1	0	15	0
   110422	2026-03-23 12:47:57	1	0	15	0
   110441	2026-03-23 12:48:33	1	0	15	0
   110420	2026-03-23 12:49:28	1	0	15	0
   110420	2026-03-23 12:49:30	1	0	15	0
   118598	2026-03-23 12:50:01	1	1	15	0
   118598	2026-03-23 12:57:41	1	1	15	0
   110453	2026-03-23 13:00:44	1	1	15	0
   110423	2026-03-23 17:06:04	1	1	15	0
   110423	2026-03-23 17:06:06	1	1	15	0
   110422	2026-03-23 17:06:50	1	1	15	0
   110422	2026-03-23 17:06:52	1	1	15	0
   110455	2026-03-23 17:07:12	1	1	15	0
   110623	2026-03-23 17:09:47	1	1	15	0
   110441	2026-03-23 17:10:25	1	1	15	0
   110433	2026-03-23 17:11:55	1	1	15	0
   110433	2026-03-23 17:11:57	1	1	15	0
   110425	2026-03-23 17:17:56	1	1	15	0
   110425	2026-03-23 17:17:58	1	1	15	0
   110453	2026-03-23 17:51:54	1	1	15	0
   110438	2026-03-23 17:57:01	1	1	15	0
   118598	2026-03-23 18:13:44	1	1	15	0
   118598	2026-03-23 18:13:46	1	1	15	0
   117022	2026-03-23 18:16:26	1	1	15	0
   110046	2026-03-23 18:31:51	1	1	3	0
   110018	2026-03-23 18:33:54	1	1	15	0
   118024	2026-03-23 18:35:16	1	1	15	0
   118024	2026-03-23 18:35:18	1	1	15	0
   116137	2026-03-23 18:48:33	1	1	15	0
   117099	2026-03-23 18:48:39	1	1	15	0
   117099	2026-03-23 18:48:41	1	1	15	0
   110046	2026-03-24 06:31:10	1	0	3	0
   110541	2026-03-24 06:44:59	1	0	15	0
   110423	2026-03-24 06:50:56	1	0	15	0
   118598	2026-03-24 06:59:57	1	0	15	0
   117099	2026-03-24 07:05:31	1	0	15	0
   110433	2026-03-24 07:14:41	1	0	15	0
   110433	2026-03-24 07:14:43	1	0	15	0
   118024	2026-03-24 07:14:49	1	0	15	0
   118024	2026-03-24 07:14:51	1	0	15	0
   110444	2026-03-24 07:26:13	1	0	15	0
   110444	2026-03-24 07:26:15	1	0	15	0
   110018	2026-03-24 07:35:19	1	0	15	0
   110018	2026-03-24 07:35:21	1	0	15	0
   110420	2026-03-24 07:39:51	1	0	15	0
   110420	2026-03-24 07:39:53	1	0	15	0
   116137	2026-03-24 07:47:49	1	0	15	0
   117022	2026-03-24 07:53:15	1	0	15	0
   110441	2026-03-24 07:54:51	1	0	15	0
   110453	2026-03-24 07:58:15	1	0	15	0
   110455	2026-03-24 08:03:00	1	0	15	0
   110623	2026-03-24 08:09:35	1	0	15	0
   110425	2026-03-24 08:34:39	1	0	15	0
   110423	2026-03-24 12:02:20	1	0	15	0
   116137	2026-03-24 12:02:26	1	0	15	0
   110433	2026-03-24 12:02:34	1	0	15	0
   110444	2026-03-24 12:03:04	1	0	15	0
   110623	2026-03-24 12:03:17	1	0	15	0
   110441	2026-03-24 12:03:25	1	0	15	0
   110455	2026-03-24 12:04:07	1	0	15	0
   110425	2026-03-24 12:05:24	1	0	15	0
   110420	2026-03-24 12:10:49	1	0	15	0
   110420	2026-03-24 12:10:51	1	0	15	0
   110541	2026-03-24 12:10:54	1	0	15	0
   118598	2026-03-24 12:11:24	1	0	15	0
   116137	2026-03-24 12:12:25	1	0	15	0
   116137	2026-03-24 12:12:27	1	0	15	0
   117099	2026-03-24 12:17:39	1	0	15	0
   110455	2026-03-24 12:17:59	1	0	15	0
   118024	2026-03-24 12:19:05	1	0	15	0
   110444	2026-03-24 12:23:30	1	0	15	0
   110623	2026-03-24 12:23:40	1	0	15	0
   110046	2026-03-24 12:31:26	1	1	3	0
   110425	2026-03-24 12:31:40	1	1	15	0
   110423	2026-03-24 12:33:57	1	1	15	0
   110453	2026-03-24 12:34:37	1	1	15	0
   110441	2026-03-24 12:34:42	1	1	15	0
   110046	2026-03-24 12:35:14	1	0	3	0
   110449	2026-03-24 12:35:26	1	0	15	0
   110449	2026-03-24 12:35:28	1	0	15	0
   110541	2026-03-24 12:38:01	1	0	15	0
   118024	2026-03-24 12:40:07	1	0	15	0
   118024	2026-03-24 12:40:09	1	0	15	0
   117022	2026-03-24 12:40:15	1	0	15	0
   117022	2026-03-24 12:40:17	1	0	15	0
   110449	2026-03-24 12:40:35	1	0	15	0
   110449	2026-03-24 12:40:37	1	0	15	0
   110018	2026-03-24 12:42:49	1	1	15	0
   110018	2026-03-24 12:42:51	1	1	15	0
   118598	2026-03-24 12:43:49	1	1	15	0
   110018	2026-03-24 12:48:17	1	0	15	0
   117022	2026-03-24 12:51:10	1	0	15	0
   110420	2026-03-24 12:52:12	1	0	15	0
   110420	2026-03-24 12:52:14	1	0	15	0
   110453	2026-03-24 12:52:25	1	0	15	0
   110433	2026-03-24 12:53:06	1	0	15	0
   110433	2026-03-24 12:53:08	1	0	15	0
   110541	2026-03-24 17:03:13	1	0	15	0
   110449	2026-03-24 17:10:28	1	0	15	0
   110420	2026-03-24 17:11:26	1	0	15	0
   110420	2026-03-24 17:11:28	1	0	15	0
   110455	2026-03-24 17:13:16	1	0	15	0
   110453	2026-03-24 17:26:49	1	0	15	0
   110433	2026-03-24 17:27:22	1	0	15	0
   110433	2026-03-24 17:27:24	1	0	15	0
   110444	2026-03-24 17:39:21	1	0	15	0
   110623	2026-03-24 17:39:30	1	0	15	0
   110425	2026-03-24 17:52:18	1	0	15	0
   110046	2026-03-24 18:00:42	1	1	3	0
   118598	2026-03-24 18:06:25	1	1	15	0
   110441	2026-03-24 18:35:44	1	1	15	0
   116137	2026-03-24 19:02:12	1	1	15	0
   110018	2026-03-24 19:08:26	1	1	15	0
   110018	2026-03-24 19:08:28	1	1	15	0
   118024	2026-03-24 19:09:02	1	1	15	0
   117022	2026-03-24 19:09:16	1	1	15	0
   110420	2026-03-25 06:51:25	1	1	15	0
   110420	2026-03-25 06:51:27	1	1	15	0
   118598	2026-03-25 06:59:31	1	0	15	0
   118024	2026-03-25 07:06:43	1	0	15	0
   118024	2026-03-25 07:06:45	1	0	15	0
   110541	2026-03-25 07:25:19	1	0	15	0
   117099	2026-03-25 07:26:10	1	0	15	0
   110422	2026-03-25 07:28:25	1	0	15	0
   110422	2026-03-25 07:28:27	1	0	15	0
   110444	2026-03-25 07:31:16	1	0	15	0
   110453	2026-03-25 07:48:48	1	0	15	0
   117022	2026-03-25 07:51:53	1	0	15	0
   117022	2026-03-25 07:51:54	1	0	15	0
   110433	2026-03-25 07:56:16	1	0	15	0
   110433	2026-03-25 07:56:18	1	0	15	0
   110441	2026-03-25 07:57:20	1	0	15	0
   110623	2026-03-25 07:57:41	1	0	15	0
   110449	2026-03-25 07:58:55	1	0	15	0
   110449	2026-03-25 07:58:57	1	0	15	0
   110425	2026-03-25 07:59:01	1	0	15	0
   110423	2026-03-25 08:01:02	1	0	15	0
   116137	2026-03-25 08:04:11	1	0	15	0
   110438	2026-03-25 08:05:00	1	0	15	0
   110455	2026-03-25 08:05:17	1	0	15	0
   110623	2026-03-25 12:01:09	1	0	15	0
   110425	2026-03-25 12:01:43	1	0	15	0
   110420	2026-03-25 12:02:50	1	0	15	0
   110420	2026-03-25 12:02:52	1	0	15	0
   110441	2026-03-25 12:03:42	1	0	15	0
   117022	2026-03-25 12:04:13	1	0	15	0
   110444	2026-03-25 12:04:25	1	0	15	0
   110423	2026-03-25 12:05:07	1	0	15	0
   110623	2026-03-25 12:06:24	1	0	15	0
   110422	2026-03-25 12:07:09	1	0	15	0
   110422	2026-03-25 12:07:11	1	0	15	0
   110455	2026-03-25 12:07:15	1	0	15	0
   110438	2026-03-25 12:07:25	1	0	15	0
   110438	2026-03-25 12:07:27	1	0	15	0
   110433	2026-03-25 12:09:16	1	0	15	0
   110422	2026-03-25 12:11:26	1	0	15	0
   110422	2026-03-25 12:11:28	1	0	15	0
   110541	2026-03-25 12:11:38	1	0	15	0
   110433	2026-03-25 12:16:13	1	0	15	0
   110433	2026-03-25 12:16:15	1	0	15	0
   117099	2026-03-25 12:20:21	1	0	15	0
   110425	2026-03-25 12:25:11	1	0	15	0
   118024	2026-03-25 12:28:40	1	0	15	0
   110541	2026-03-25 12:28:47	1	0	15	0
   116137	2026-03-25 12:29:06	1	0	15	0
   116137	2026-03-25 12:31:17	1	0	15	0
   116137	2026-03-25 12:31:19	1	0	15	0
   110444	2026-03-25 12:31:42	1	0	15	0
   110441	2026-03-25 12:32:05	1	0	15	0
   110455	2026-03-25 12:32:20	1	0	15	0
   118598	2026-03-25 12:35:22	1	1	15	0
   118598	2026-03-25 12:35:24	1	1	15	0
   110438	2026-03-25 12:40:21	1	1	15	0
   118024	2026-03-25 12:43:09	1	1	15	0
   117022	2026-03-25 12:43:14	1	1	15	0
   117099	2026-03-25 12:44:11	1	1	15	0
   110420	2026-03-25 12:46:31	1	1	15	0
   110423	2026-03-25 12:46:40	1	1	15	0
   110449	2026-03-25 12:49:47	1	1	15	0
   110449	2026-03-25 12:49:49	1	1	15	0
   118598	2026-03-25 12:50:35	1	1	15	0
   118598	2026-03-25 12:50:36	1	1	15	0
   110449	2026-03-25 12:55:36	1	1	15	0
   110438	2026-03-25 13:24:37	1	1	15	0
   110422	2026-03-25 17:03:22	1	1	15	0
   110422	2026-03-25 17:03:24	1	1	15	0
   110420	2026-03-25 17:03:42	1	1	15	0
   110541	2026-03-25 17:03:50	1	1	15	0
   110455	2026-03-25 17:03:58	1	1	15	0
   110444	2026-03-25 17:04:53	1	1	15	0
   110623	2026-03-25 17:08:32	1	1	15	0
   110453	2026-03-25 17:16:24	1	1	15	0
   110423	2026-03-25 17:18:30	1	1	15	0
   110423	2026-03-25 17:18:32	1	1	15	0
   110425	2026-03-25 17:22:46	1	1	15	0
   110441	2026-03-25 17:24:47	1	1	15	0
   110449	2026-03-25 17:49:59	1	1	15	0
   110433	2026-03-25 17:51:10	1	1	15	0
   118598	2026-03-25 18:29:12	1	1	15	0
   116137	2026-03-25 19:13:49	1	1	15	0
   117099	2026-03-25 19:13:54	1	1	15	0
   117099	2026-03-25 19:13:56	1	1	15	0
   118024	2026-03-25 20:28:15	1	1	15	0
   110422	2026-03-26 06:49:58	1	1	15	0
   110422	2026-03-26 06:50:00	1	1	15	0
   110423	2026-03-26 06:56:05	1	1	15	0
   118598	2026-03-26 07:29:37	1	1	15	0
   118598	2026-03-26 07:29:38	1	1	15	0
   118024	2026-03-26 07:32:56	1	1	15	0
   110541	2026-03-26 07:34:01	1	1	15	0
   110018	2026-03-26 07:42:44	1	0	15	0
   110018	2026-03-26 07:42:46	1	0	15	0
   110444	2026-03-26 07:49:41	1	0	15	0
   110420	2026-03-26 07:50:21	1	0	15	0
   110420	2026-03-26 07:50:23	1	0	15	0
   110455	2026-03-26 07:55:42	1	0	15	0
   117022	2026-03-26 07:57:44	1	0	15	0
   117099	2026-03-26 08:00:20	1	0	15	0
   117099	2026-03-26 08:00:22	1	0	15	0
   110453	2026-03-26 08:02:36	1	0	15	0
   110433	2026-03-26 08:08:24	1	0	15	0
   110441	2026-03-26 08:18:45	1	0	15	0
   116137	2026-03-26 08:23:05	1	0	15	0
   116137	2026-03-26 08:23:07	1	0	15	0
   110449	2026-03-26 08:34:42	1	0	15	0
   110425	2026-03-26 08:38:08	1	0	15	0
   110455	2026-03-26 12:01:36	1	0	15	0
   110444	2026-03-26 12:02:25	1	0	15	0
   110453	2026-03-26 12:03:53	1	0	15	0
   110441	2026-03-26 12:04:22	1	0	15	0
   110433	2026-03-26 12:07:57	1	0	15	0
   110422	2026-03-26 12:09:12	1	0	15	0
   110422	2026-03-26 12:09:14	1	0	15	0
   110453	2026-03-26 12:09:20	1	0	15	0
   118598	2026-03-26 12:12:07	1	1	15	0
   118598	2026-03-26 12:12:09	1	1	15	0
   110425	2026-03-26 12:12:31	1	1	15	0
   118598	2026-03-26 12:17:05	1	0	15	0
   110541	2026-03-26 12:17:32	1	0	15	0
   110423	2026-03-26 12:17:54	1	0	15	0
   110422	2026-03-26 12:18:12	1	0	15	0
   118024	2026-03-26 12:20:34	1	0	15	0
   118024	2026-03-26 12:20:36	1	0	15	0
   117099	2026-03-26 12:22:48	1	0	15	0
   116137	2026-03-26 12:22:56	1	0	15	0
   117022	2026-03-26 12:23:03	1	0	15	0
   117022	2026-03-26 12:23:05	1	0	15	0
   110420	2026-03-26 12:23:36	1	0	15	0
   110433	2026-03-26 12:24:22	1	0	15	0
   116137	2026-03-26 12:25:38	1	0	15	0
   117099	2026-03-26 12:25:43	1	0	15	0
   110541	2026-03-26 12:30:38	1	0	15	0
   118024	2026-03-26 12:31:15	1	0	15	0
   110329	2026-03-26 12:31:54	1	0	15	0
   110444	2026-03-26 12:32:13	1	0	15	0
   110455	2026-03-26 12:32:18	1	0	15	0
   110441	2026-03-26 12:32:27	1	0	15	0
   110449	2026-03-26 12:33:21	1	0	15	0
   110449	2026-03-26 12:33:23	1	0	15	0
   110018	2026-03-26 12:44:47	1	1	15	0
   110018	2026-03-26 12:44:49	1	1	15	0
   110425	2026-03-26 12:46:35	1	1	15	0
   110423	2026-03-26 12:46:40	1	1	15	0
   117022	2026-03-26 12:47:09	1	1	15	0
   117022	2026-03-26 12:47:12	1	1	15	0
   110420	2026-03-26 12:48:32	1	1	15	0
   110018	2026-03-26 12:51:07	1	0	15	0
   118598	2026-03-26 12:52:09	1	0	15	0
   110541	2026-03-26 17:03:46	1	0	15	0
   110455	2026-03-26 17:05:43	1	0	15	0
   110420	2026-03-26 17:07:40	1	0	15	0
   110433	2026-03-26 17:09:22	1	0	15	0
   110433	2026-03-26 17:09:24	1	0	15	0
   110444	2026-03-26 17:09:42	1	0	15	0
   110441	2026-03-26 17:11:58	1	0	15	0
   110453	2026-03-26 17:49:39	1	0	15	0
   110425	2026-03-26 17:51:28	1	0	15	0
   110449	2026-03-26 18:49:07	1	0	15	0
   116137	2026-03-26 19:11:48	1	0	15	0
   117099	2026-03-26 19:11:55	1	0	15	0
   118024	2026-03-26 19:34:04	1	0	15	0
   117022	2026-03-26 19:38:45	1	0	15	0
   117022	2026-03-26 19:38:47	1	0	15	0
   110018	2026-03-26 20:37:00	1	1	15	0
   118598	2026-03-26 21:21:13	1	1	15	0
   118598	2026-03-26 21:21:14	1	1	15	0
   110541	2026-03-27 06:33:50	1	1	15	0
   110423	2026-03-27 06:57:34	1	1	15	0
   110422	2026-03-27 07:22:52	1	1	15	0
   110422	2026-03-27 07:22:54	1	1	15	0
   110444	2026-03-27 07:38:42	1	1	15	0
   110453	2026-03-27 07:40:44	1	1	15	0
   110420	2026-03-27 07:41:50	1	1	15	0
   110455	2026-03-27 07:49:22	1	1	15	0
   110441	2026-03-27 07:56:52	1	1	15	0
   110449	2026-03-27 08:00:28	1	1	15	0
   110433	2026-03-27 08:01:00	1	1	15	0
   110433	2026-03-27 08:01:02	1	1	15	0
   110623	2026-03-27 08:01:16	1	1	15	0
   110420	2026-03-27 12:00:09	1	1	15	0
   110433	2026-03-27 12:00:16	1	1	15	0
   110433	2026-03-27 12:00:17	1	1	15	0
   110423	2026-03-27 12:03:02	1	1	15	0
   110420	2026-03-27 12:04:10	1	1	15	0
   110441	2026-03-27 12:04:16	1	1	15	0
   110455	2026-03-27 12:04:27	1	1	15	0
   110541	2026-03-27 12:05:02	1	1	15	0
   110444	2026-03-27 12:06:01	1	1	15	0
   110623	2026-03-27 12:06:11	1	1	15	0
   110449	2026-03-27 12:08:19	1	1	15	0
   110433	2026-03-27 12:15:08	1	1	15	0
   110444	2026-03-27 12:26:07	1	1	15	0
   110623	2026-03-27 12:26:15	1	1	15	0
   110422	2026-03-27 12:27:29	1	1	15	0
   110422	2026-03-27 12:27:31	1	1	15	0
   110455	2026-03-27 12:28:39	1	1	15	0
   110541	2026-03-27 12:29:01	1	1	15	0
   110449	2026-03-27 12:29:38	1	1	15	0
   110453	2026-03-27 12:30:24	1	1	15	0
   110425	2026-03-27 12:39:08	1	1	15	0
   110425	2026-03-27 12:39:10	1	1	15	0
   110422	2026-03-27 12:40:12	1	1	15	0
   110422	2026-03-27 12:40:14	1	1	15	0
   110441	2026-03-27 12:41:11	1	1	15	0
   110453	2026-03-27 12:45:01	1	1	15	0
   110423	2026-03-27 12:55:29	1	1	15	0
   110623	2026-03-27 17:07:18	1	1	15	0
   110455	2026-03-27 17:10:31	1	1	15	0
   110422	2026-03-27 17:13:32	1	1	15	0
   110422	2026-03-27 17:13:34	1	1	15	0
   110420	2026-03-27 17:20:20	1	1	15	0
   110420	2026-03-27 17:20:22	1	1	15	0
   110433	2026-03-27 17:44:22	1	1	15	0
   110433	2026-03-27 17:44:24	1	1	15	0
   110449	2026-03-27 17:48:11	1	1	15	0
   110449	2026-03-27 17:48:12	1	1	15	0
   110425	2026-03-27 17:48:24	1	1	15	0
   110453	2026-03-27 18:01:02	1	1	15	0
   110422	2026-03-30 06:42:50	1	1	15	0
   110422	2026-03-30 06:42:52	1	1	15	0
   110420	2026-03-30 06:45:35	1	1	15	0
   110420	2026-03-30 06:45:37	1	1	15	0
   118598	2026-03-30 07:00:07	1	1	15	0
   110046	2026-03-30 07:01:11	1	0	3	0
   117022	2026-03-30 07:17:22	1	0	15	0
   117022	2026-03-30 07:17:24	1	0	15	0
   117099	2026-03-30 07:18:22	1	0	15	0
   110444	2026-03-30 07:27:14	1	0	15	0
   110541	2026-03-30 07:28:13	1	0	15	0
   110541	2026-03-30 07:28:15	1	0	15	0
   110449	2026-03-30 07:28:57	1	0	15	0
   110018	2026-03-30 07:33:02	1	0	15	0
   110018	2026-03-30 07:33:04	1	0	15	0
   118024	2026-03-30 07:33:30	1	0	15	0
   118024	2026-03-30 07:33:32	1	0	15	0
   116137	2026-03-30 07:33:59	1	0	15	0
   116137	2026-03-30 07:34:01	1	0	15	0
   110455	2026-03-30 07:37:55	1	0	15	0
   110453	2026-03-30 07:44:30	1	0	15	0
   110425	2026-03-30 07:53:20	1	0	15	0
   110433	2026-03-30 07:54:55	1	0	15	0
   110433	2026-03-30 07:54:57	1	0	15	0
   110438	2026-03-30 07:58:26	1	0	15	0
   110423	2026-03-30 08:05:50	1	0	15	0
   110623	2026-03-30 08:10:32	1	0	15	0
   110441	2026-03-30 09:05:48	1	0	15	0
   110441	2026-03-30 09:05:50	1	0	15	0
   110441	2026-03-30 12:01:04	1	0	15	0
   110455	2026-03-30 12:02:02	1	0	15	0
   110438	2026-03-30 12:02:07	1	0	15	0
   110541	2026-03-30 12:02:44	1	0	15	0
   110422	2026-03-30 12:03:40	1	0	15	0
   110422	2026-03-30 12:03:42	1	0	15	0
   110433	2026-03-30 12:04:20	1	0	15	0
   110433	2026-03-30 12:04:22	1	0	15	0
   110444	2026-03-30 12:04:49	1	0	15	0
   110423	2026-03-30 12:05:22	1	0	15	0
   110422	2026-03-30 12:06:05	1	0	15	0
   110422	2026-03-30 12:06:07	1	0	15	0
   110425	2026-03-30 12:06:16	1	0	15	0
   110425	2026-03-30 12:06:18	1	0	15	0
   110046	2026-03-30 12:07:23	1	1	3	0
   110420	2026-03-30 12:10:52	1	1	15	0
   110623	2026-03-30 12:16:03	1	1	15	0
   117099	2026-03-30 12:21:36	1	1	15	0
   117099	2026-03-30 12:21:38	1	1	15	0
   110433	2026-03-30 12:27:42	1	1	15	0
   110433	2026-03-30 12:27:44	1	1	15	0
   110425	2026-03-30 12:27:55	1	1	15	0
   110623	2026-03-30 12:29:22	1	1	15	0
   110420	2026-03-30 12:30:14	1	1	15	0
   110444	2026-03-30 12:30:59	1	1	15	0
   110455	2026-03-30 12:31:04	1	1	15	0
   110441	2026-03-30 12:31:08	1	1	15	0
   118024	2026-03-30 12:32:31	1	1	15	0
   110018	2026-03-30 12:33:00	1	1	15	0
   116137	2026-03-30 12:33:33	1	1	15	0
   117022	2026-03-30 12:33:39	1	1	15	0
   118598	2026-03-30 12:35:50	1	1	15	0
   118598	2026-03-30 12:35:52	1	1	15	0
   117099	2026-03-30 12:37:57	1	1	15	0
   110018	2026-03-30 12:38:12	1	0	15	0
   110046	2026-03-30 12:39:33	1	0	3	0
   117022	2026-03-30 12:43:20	1	0	15	0
   110541	2026-03-30 12:44:09	1	0	15	0
   110423	2026-03-30 12:48:22	1	0	15	0
   110438	2026-03-30 12:48:35	1	0	15	0
   118598	2026-03-30 12:51:46	1	0	15	0
   110453	2026-03-30 12:52:15	1	0	15	0
   110453	2026-03-30 12:52:17	1	0	15	0
   110453	2026-03-30 12:56:33	1	0	15	0
   110623	2026-03-30 17:02:42	1	0	15	0
   110449	2026-03-30 17:03:13	1	0	15	0
   110541	2026-03-30 17:08:21	1	0	15	0
   110541	2026-03-30 17:08:23	1	0	15	0
   110455	2026-03-30 17:08:37	1	0	15	0
   110433	2026-03-30 17:08:43	1	0	15	0
   110433	2026-03-30 17:08:45	1	0	15	0
   110444	2026-03-30 17:08:51	1	0	15	0
   110423	2026-03-30 17:09:57	1	0	15	0
   110425	2026-03-30 17:11:05	1	0	15	0
   110441	2026-03-30 17:11:53	1	0	15	0
   110438	2026-03-30 17:19:26	1	0	15	0
   110453	2026-03-30 17:23:42	1	0	15	0
   110046	2026-03-30 18:07:19	1	1	3	0
   110018	2026-03-30 19:00:11	1	1	15	0
   110018	2026-03-30 19:00:13	1	1	15	0
   116137	2026-03-30 19:02:22	1	1	15	0
   117022	2026-03-30 19:07:18	1	1	15	0
   117099	2026-03-30 19:17:10	1	1	15	0
   118598	2026-03-30 19:38:09	1	1	15	0
   118598	2026-03-30 19:38:11	1	1	15	0
   110422	2026-03-31 07:09:02	1	1	15	0
   110422	2026-03-31 07:09:04	1	1	15	0
   110714	2026-03-31 07:13:49	1	1	15	0
   110714	2026-03-31 07:13:50	1	1	15	0
   110444	2026-03-31 07:25:19	1	1	15	0
   117099	2026-03-31 07:32:21	1	1	15	0
   110541	2026-03-31 07:35:44	1	1	15	0
   110453	2026-03-31 07:49:06	1	1	15	0
   117022	2026-03-31 07:52:30	1	1	15	0
   110623	2026-03-31 07:57:04	1	1	15	0
   110425	2026-03-31 07:57:12	1	1	15	0
   110425	2026-03-31 07:57:14	1	1	15	0
   110420	2026-03-31 08:01:42	1	1	15	0
   110420	2026-03-31 08:01:44	1	1	15	0
   110441	2026-03-31 08:02:43	1	1	15	0
   110439	2026-03-31 08:03:49	1	1	15	0
   110439	2026-03-31 08:03:51	1	1	15	0
   110438	2026-03-31 08:03:53	1	1	15	0
   110438	2026-03-31 08:03:55	1	1	15	0
   116137	2026-03-31 08:04:49	1	1	15	0
   110423	2026-03-31 08:04:54	1	1	15	0
   110449	2026-03-31 08:22:17	1	1	15	0
   110433	2026-03-31 08:40:57	1	1	15	0
   110433	2026-03-31 12:00:29	1	1	15	0
   110433	2026-03-31 12:00:31	1	1	15	0
   116137	2026-03-31 12:03:12	1	1	15	0
   117099	2026-03-31 12:03:17	1	1	15	0
   110714	2026-03-31 12:04:08	1	1	15	0
   110714	2026-03-31 12:04:09	1	1	15	0
   117022	2026-03-31 12:04:14	1	1	15	0
   110420	2026-03-31 12:04:23	1	1	15	0
   110420	2026-03-31 12:04:25	1	1	15	0
   110541	2026-03-31 12:05:32	1	1	15	0
   110623	2026-03-31 12:05:38	1	1	15	0
   110444	2026-03-31 12:07:19	1	1	15	0
   110420	2026-03-31 12:08:57	1	1	15	0
   110423	2026-03-31 12:09:39	1	1	15	0
   110449	2026-03-31 12:10:10	1	1	15	0
   110623	2026-03-31 12:10:19	1	1	15	0
   116137	2026-03-31 12:13:15	1	1	15	0
   116137	2026-03-31 12:13:17	1	1	15	0
   117022	2026-03-31 12:13:24	1	1	15	0
   110441	2026-03-31 12:13:48	1	1	15	0
   110425	2026-03-31 12:14:32	1	1	15	0
   110444	2026-03-31 12:15:07	1	1	15	0
   110438	2026-03-31 12:17:37	1	1	15	0
   110439	2026-03-31 12:21:14	1	1	15	0
   110439	2026-03-31 12:21:16	1	1	15	0
   110422	2026-03-31 12:21:39	1	1	15	0
   110422	2026-03-31 12:21:41	1	1	15	0
   110422	2026-03-31 12:28:55	1	1	15	0
   110422	2026-03-31 12:28:57	1	1	15	0
   110453	2026-03-31 12:31:12	1	1	15	0
   110433	2026-03-31 12:33:55	1	1	15	0
   110714	2026-03-31 12:38:27	1	1	15	0
   110714	2026-03-31 12:38:28	1	1	15	0
   110441	2026-03-31 12:38:38	1	1	15	0
   117099	2026-03-31 12:38:57	1	1	15	0
   110439	2026-03-31 12:39:59	1	1	15	0
   110438	2026-03-31 12:40:16	1	1	15	0
   110438	2026-03-31 12:40:18	1	1	15	0
   110425	2026-03-31 12:41:45	1	1	15	0
   110449	2026-03-31 12:46:39	1	1	15	0
   110449	2026-03-31 12:46:41	1	1	15	0
   110541	2026-03-31 12:47:45	1	1	15	0
   110541	2026-03-31 12:47:47	1	1	15	0
   110423	2026-03-31 12:50:17	1	1	15	0
   110453	2026-03-31 12:52:47	1	1	15	0
   110453	2026-03-31 12:52:49	1	1	15	0
   117022	2026-03-31 12:53:05	1	1	15	0
   110423	2026-03-31 17:01:50	1	1	15	0
   110444	2026-03-31 17:04:33	1	1	15	0
   110422	2026-03-31 17:04:39	1	1	15	0
   110422	2026-03-31 17:04:41	1	1	15	0
   110441	2026-03-31 17:05:47	1	1	15	0
   110541	2026-03-31 17:06:30	1	1	15	0
   110623	2026-03-31 17:06:37	1	1	15	0
   110449	2026-03-31 17:12:19	1	1	15	0
   110425	2026-03-31 17:13:12	1	1	15	0
   110420	2026-03-31 17:13:54	1	1	15	0
   110420	2026-03-31 17:13:56	1	1	15	0
   110453	2026-03-31 17:35:32	1	1	15	0
   110438	2026-03-31 17:38:54	1	1	15	0
   110438	2026-03-31 17:38:56	1	1	15	0
   110439	2026-03-31 17:40:36	1	1	15	0
   110433	2026-03-31 18:07:27	1	1	15	0
   110433	2026-03-31 18:07:29	1	1	15	0
   110714	2026-03-31 18:40:28	1	1	15	0
   110714	2026-03-31 18:40:29	1	1	15	0
   117099	2026-03-31 18:51:32	1	1	15	0
   116137	2026-03-31 19:13:35	1	1	15	0
   117022	2026-03-31 19:21:26	1	1	15	0
   117022	2026-03-31 19:21:31	1	1	15	0
