   118024	2026-05-01 20:10:58	1	0	15	0
   118024	2026-05-01 20:11:00	1	0	15	0
   110329	2026-05-01 20:20:06	1	0	15	0
   110018	2026-05-01 20:35:37	1	0	15	0
   110018	2026-05-01 20:35:39	1	0	15	0
   118598	2026-05-01 20:35:45	1	0	15	0
   118598	2026-05-01 20:35:46	1	0	15	0
   110422	2026-05-01 20:36:34	1	0	15	0
   117022	2026-05-01 20:37:04	1	0	15	0
   117022	2026-05-01 20:37:06	1	0	15	0
   110455	2026-05-01 20:44:48	1	0	15	0
   110441	2026-05-01 20:56:59	1	0	15	0
   110420	2026-05-01 20:59:35	1	0	15	0
   110420	2026-05-01 20:59:37	1	0	15	0
   110714	2026-05-01 21:11:55	1	0	15	0
   110714	2026-05-01 21:11:57	1	0	15	0
   110453	2026-05-02 00:59:06	1	0	15	0
   110453	2026-05-02 00:59:08	1	0	15	0
   110714	2026-05-02 01:14:44	1	0	15	0
   110453	2026-05-02 01:23:33	1	0	15	0
   117022	2026-05-02 01:26:45	1	0	15	0
   117022	2026-05-02 01:26:47	1	0	15	0
   118024	2026-05-02 01:27:30	1	0	15	0
   110714	2026-05-02 01:33:31	1	0	15	0
   117022	2026-05-02 01:48:45	1	0	15	0
   118598	2026-05-02 01:53:42	1	1	15	0
   118598	2026-05-02 01:57:49	1	1	15	0
   110439	2026-05-02 01:58:57	1	1	15	0
   110444	2026-05-04 17:05:32	1	1	15	0
   110541	2026-05-04 17:05:37	1	1	15	0
   110423	2026-05-04 17:05:42	1	1	15	0
   110455	2026-05-04 17:05:58	1	1	15	0
   110623	2026-05-04 17:06:09	1	1	15	0
   110441	2026-05-04 17:06:48	1	1	15	0
   110449	2026-05-04 17:06:55	1	1	15	0
   110439	2026-05-04 17:19:08	1	1	15	0
   110453	2026-05-04 17:20:05	1	1	15	0
   118024	2026-05-04 18:24:27	1	1	15	0
   118598	2026-05-04 18:45:31	1	1	15	0
   110018	2026-05-04 18:57:01	1	1	15	0
   110018	2026-05-04 18:57:03	1	1	15	0
   117022	2026-05-04 19:07:47	1	1	15	0
   110714	2026-05-04 19:07:53	1	1	15	0
   110714	2026-05-04 19:07:55	1	1	15	0
   110444	2026-05-05 06:46:09	1	1	15	0
   110329	2026-05-05 07:07:00	1	1	15	0
   118024	2026-05-05 07:11:17	1	1	15	0
   118024	2026-05-05 07:11:19	1	1	15	0
   110425	2026-05-05 07:16:03	1	1	15	0
   118598	2026-05-05 07:31:18	1	1	15	0
   110422	2026-05-05 07:37:37	1	1	15	0
   110422	2026-05-05 07:37:38	1	1	15	0
   110441	2026-05-05 07:43:59	1	1	15	0
   110541	2026-05-05 07:44:07	1	1	15	0
   110423	2026-05-05 07:48:43	1	1	15	0
   117022	2026-05-05 07:53:45	1	1	15	0
   117022	2026-05-05 07:53:50	1	1	15	0
   110420	2026-05-05 07:55:44	1	1	15	0
   110714	2026-05-05 07:58:30	1	1	15	0
   110714	2026-05-05 07:58:32	1	1	15	0
   110453	2026-05-05 08:04:18	1	1	15	0
   110438	2026-05-05 08:06:00	1	1	15	0
   110438	2026-05-05 08:06:02	1	1	15	0
   110455	2026-05-05 08:07:43	1	1	15	0
   110623	2026-05-05 08:08:15	1	1	15	0
   110449	2026-05-05 08:15:13	1	1	15	0
   110439	2026-05-05 08:46:53	1	1	15	0
   110420	2026-05-05 12:01:56	1	1	15	0
   110623	2026-05-05 12:03:02	1	1	15	0
   110422	2026-05-05 12:03:59	1	1	15	0
   110422	2026-05-05 12:04:01	1	1	15	0
   110449	2026-05-05 12:04:57	1	1	15	0
   110438	2026-05-05 12:05:11	1	1	15	0
   110438	2026-05-05 12:05:13	1	1	15	0
   110439	2026-05-05 12:05:17	1	1	15	0
   110455	2026-05-05 12:05:22	1	1	15	0
   110423	2026-05-05 12:07:25	1	1	15	0
   110541	2026-05-05 12:08:51	1	1	15	0
   118598	2026-05-05 12:09:49	1	1	15	0
   118598	2026-05-05 12:09:51	1	1	15	0
   118024	2026-05-05 12:10:16	1	1	15	0
   117022	2026-05-05 12:10:21	1	1	15	0
   117022	2026-05-05 12:10:23	1	1	15	0
   110714	2026-05-05 12:10:26	1	1	15	0
   110714	2026-05-05 12:10:28	1	1	15	0
   110441	2026-05-05 12:15:10	1	1	15	0
   110453	2026-05-05 12:26:52	1	1	15	0
   118024	2026-05-05 12:27:27	1	1	15	0
   118024	2026-05-05 12:27:29	1	1	15	0
   118598	2026-05-05 12:28:03	1	1	15	0
   110441	2026-05-05 12:32:32	1	1	15	0
   110714	2026-05-05 12:40:28	1	1	15	0
   110714	2026-05-05 12:40:30	1	1	15	0
   110438	2026-05-05 12:41:10	1	1	15	0
   110438	2026-05-05 12:41:12	1	1	15	0
   110439	2026-05-05 12:41:27	1	1	15	0
   110541	2026-05-05 12:44:13	1	1	15	0
   117022	2026-05-05 12:47:03	1	1	15	0
   110423	2026-05-05 12:51:45	1	1	15	0
   110420	2026-05-05 12:51:57	1	1	15	0
   110449	2026-05-05 12:52:04	1	1	15	0
   110453	2026-05-05 12:58:49	1	1	15	0
   110449	2026-05-05 17:05:43	1	1	15	0
   110449	2026-05-05 17:05:45	1	1	15	0
   110441	2026-05-05 17:08:53	1	1	15	0
   110422	2026-05-05 17:09:32	1	1	15	0
   110541	2026-05-05 17:10:29	1	1	15	0
   110423	2026-05-05 17:39:37	1	1	15	0
   110420	2026-05-05 17:39:45	1	1	15	0
   110439	2026-05-05 17:39:51	1	1	15	0
   110439	2026-05-05 17:39:53	1	1	15	0
   110438	2026-05-05 17:40:45	1	1	15	0
   110438	2026-05-05 17:40:47	1	1	15	0
   110453	2026-05-05 17:43:18	1	1	15	0
   118024	2026-05-05 18:12:43	1	1	15	0
   110714	2026-05-05 19:00:33	1	1	15	0
   110714	2026-05-05 19:00:35	1	1	15	0
   117022	2026-05-05 19:02:13	1	1	15	0
   117022	2026-05-05 19:02:15	1	1	15	0
   118598	2026-05-05 19:14:24	1	1	15	0
   110444	2026-05-06 07:06:04	1	1	15	0
   118024	2026-05-06 07:07:59	1	1	15	0
   118024	2026-05-06 07:09:09	1	1	15	0
   110441	2026-05-06 07:25:30	1	1	15	0
   118598	2026-05-06 07:36:41	1	1	15	0
   118598	2026-05-06 07:36:43	1	1	15	0
   110425	2026-05-06 07:44:17	1	1	15	0
   110541	2026-05-06 07:45:31	1	1	15	0
   110422	2026-05-06 07:53:55	1	1	15	0
   110422	2026-05-06 07:53:57	1	1	15	0
   117022	2026-05-06 07:56:15	1	1	15	0
   117022	2026-05-06 07:56:17	1	1	15	0
   117022	2026-05-06 07:56:19	1	1	15	0
   110420	2026-05-06 07:58:53	1	1	15	0
   110423	2026-05-06 07:59:36	1	1	15	0
   110623	2026-05-06 08:00:51	1	1	15	0
   110714	2026-05-06 08:05:11	1	1	15	0
   110714	2026-05-06 08:05:13	1	1	15	0
   110438	2026-05-06 08:05:55	1	1	15	0
   110449	2026-05-06 08:09:05	1	1	15	0
   110439	2026-05-06 08:11:57	1	1	15	0
   110453	2026-05-06 08:13:28	1	1	15	0
   110441	2026-05-06 12:01:46	1	1	15	0
   110422	2026-05-06 12:03:29	1	1	15	0
   110420	2026-05-06 12:03:46	1	1	15	0
   110449	2026-05-06 12:03:54	1	1	15	0
   110438	2026-05-06 12:04:16	1	1	15	0
   110439	2026-05-06 12:04:21	1	1	15	0
   110714	2026-05-06 12:05:12	1	1	15	0
   110714	2026-05-06 12:05:14	1	1	15	0
   110453	2026-05-06 12:10:48	1	1	15	0
   110541	2026-05-06 12:15:19	1	1	15	0
   117022	2026-05-06 12:17:04	1	1	15	0
   117022	2026-05-06 12:17:06	1	1	15	0
   110423	2026-05-06 12:18:20	1	1	15	0
   110423	2026-05-06 12:18:23	1	1	15	0
   110422	2026-05-06 12:20:34	1	1	15	0
   110714	2026-05-06 12:30:22	1	1	15	0
   110714	2026-05-06 12:30:23	1	1	15	0
   117022	2026-05-06 12:32:44	1	1	15	0
   110623	2026-05-06 12:34:30	1	1	15	0
   118024	2026-05-06 12:37:16	1	1	15	0
   110439	2026-05-06 12:37:25	1	1	15	0
   110438	2026-05-06 12:37:33	1	1	15	0
   110438	2026-05-06 12:37:34	1	1	15	0
   110623	2026-05-06 12:40:47	1	1	15	0
   110423	2026-05-06 12:41:25	1	1	15	0
   110541	2026-05-06 12:42:03	1	1	15	0
   118598	2026-05-06 12:44:50	1	1	15	0
   118024	2026-05-06 12:52:47	1	1	15	0
   110420	2026-05-06 12:53:33	1	1	15	0
   110449	2026-05-06 12:54:22	1	1	15	0
   118598	2026-05-06 12:54:36	1	1	15	0
   110441	2026-05-06 12:57:11	1	1	15	0
   110453	2026-05-06 12:58:42	1	1	15	0
   110438	2026-05-06 16:29:43	1	1	15	0
   110438	2026-05-06 16:29:45	1	1	15	0
   110623	2026-05-06 17:01:27	1	1	15	0
   110441	2026-05-06 17:04:35	1	1	15	0
   110449	2026-05-06 17:06:30	1	1	15	0
   110449	2026-05-06 17:06:32	1	1	15	0
   110541	2026-05-06 17:10:19	1	1	15	0
   110423	2026-05-06 17:20:46	1	1	15	0
   110420	2026-05-06 17:26:38	1	1	15	0
   110422	2026-05-06 17:26:46	1	1	15	0
   110422	2026-05-06 17:26:48	1	1	15	0
   110439	2026-05-06 17:39:53	1	1	15	0
   110439	2026-05-06 17:39:55	1	1	15	0
   110453	2026-05-06 17:43:45	1	1	15	0
   110329	2026-05-06 18:22:59	1	1	15	0
   118598	2026-05-06 18:42:16	1	1	15	0
   118598	2026-05-06 18:42:18	1	1	15	0
   117022	2026-05-06 19:09:10	1	1	15	0
   110444	2026-05-07 06:59:04	1	1	15	0
   118024	2026-05-07 07:06:35	1	1	15	0
   110425	2026-05-07 07:11:26	1	1	15	0
   110425	2026-05-07 07:11:28	1	1	15	0
   118598	2026-05-07 07:25:40	1	0	15	0
   110441	2026-05-07 07:32:31	1	0	15	0
   110422	2026-05-07 07:38:19	1	0	15	0
   110422	2026-05-07 07:38:21	1	0	15	0
   110423	2026-05-07 07:45:23	1	0	15	0
   110541	2026-05-07 07:46:22	1	0	15	0
   110420	2026-05-07 07:50:13	1	0	15	0
   110714	2026-05-07 07:53:28	1	0	15	0
   110714	2026-05-07 07:53:29	1	0	15	0
   110623	2026-05-07 07:59:08	1	0	15	0
   117022	2026-05-07 08:06:56	1	0	15	0
   117022	2026-05-07 08:06:59	1	0	15	0
   110449	2026-05-07 08:09:39	1	0	15	0
   110449	2026-05-07 08:09:41	1	0	15	0
   110439	2026-05-07 08:14:23	1	0	15	0
   110623	2026-05-07 12:01:01	1	0	15	0
   110422	2026-05-07 12:02:50	1	0	15	0
   118024	2026-05-07 12:03:28	1	0	15	0
   110714	2026-05-07 12:03:33	1	0	15	0
   117022	2026-05-07 12:03:38	1	0	15	0
   110420	2026-05-07 12:03:48	1	0	15	0
   110449	2026-05-07 12:03:53	1	0	15	0
   110623	2026-05-07 12:07:14	1	0	15	0
   110439	2026-05-07 12:08:09	1	0	15	0
   110422	2026-05-07 12:09:29	1	0	15	0
   110541	2026-05-07 12:09:58	1	0	15	0
   118024	2026-05-07 12:14:38	1	0	15	0
   110423	2026-05-07 12:19:01	1	0	15	0
   118598	2026-05-07 12:21:09	1	0	15	0
   110423	2026-05-07 12:25:01	1	0	15	0
   118598	2026-05-07 12:28:06	1	0	15	0
   118598	2026-05-07 12:28:08	1	0	15	0
   117022	2026-05-07 12:28:18	1	0	15	0
   117022	2026-05-07 12:28:21	1	0	15	0
   110438	2026-05-07 12:29:33	1	0	15	0
   110438	2026-05-07 12:29:35	1	0	15	0
   110714	2026-05-07 12:36:22	1	0	15	0
   110714	2026-05-07 12:36:24	1	0	15	0
   110329	2026-05-07 12:43:53	1	0	15	0
   110439	2026-05-07 12:48:09	1	0	15	0
   110541	2026-05-07 12:51:25	1	0	15	0
   110420	2026-05-07 12:52:02	1	0	15	0
   110449	2026-05-07 12:52:07	1	0	15	0
   110329	2026-05-07 12:55:32	1	0	15	0
   110329	2026-05-07 12:55:34	1	0	15	0
   110541	2026-05-07 17:05:08	1	0	15	0
   110423	2026-05-07 17:06:09	1	0	15	0
   110420	2026-05-07 17:06:27	1	0	15	0
   110420	2026-05-07 17:06:29	1	0	15	0
   110449	2026-05-07 17:06:38	1	0	15	0
   110422	2026-05-07 17:06:45	1	0	15	0
   110422	2026-05-07 17:06:47	1	0	15	0
   110623	2026-05-07 17:06:55	1	0	15	0
   110438	2026-05-07 17:29:59	1	0	15	0
   110438	2026-05-07 17:30:00	1	0	15	0
   110439	2026-05-07 17:30:06	1	0	15	0
   110439	2026-05-07 17:30:10	1	0	15	0
   110329	2026-05-07 18:01:43	1	0	15	0
   118598	2026-05-07 18:46:29	1	0	15	0
   118024	2026-05-07 19:00:08	1	0	15	0
   117022	2026-05-07 19:01:45	1	0	15	0
   117022	2026-05-07 19:01:47	1	0	15	0
   110714	2026-05-07 19:01:50	1	0	15	0
   110714	2026-05-07 19:01:52	1	0	15	0
   110425	2026-05-08 07:33:09	1	0	15	0
   110444	2026-05-08 07:34:04	1	0	15	0
   110422	2026-05-08 07:40:26	1	0	15	0
   110422	2026-05-08 07:40:28	1	0	15	0
   110541	2026-05-08 07:43:27	1	0	15	0
   110441	2026-05-08 07:53:07	1	0	15	0
   110423	2026-05-08 07:54:03	1	0	15	0
   110623	2026-05-08 07:58:01	1	0	15	0
   110449	2026-05-08 07:58:26	1	0	15	0
   110449	2026-05-08 07:58:28	1	0	15	0
   110453	2026-05-08 08:03:34	1	0	15	0
   110420	2026-05-08 08:09:01	1	0	15	0
   110420	2026-05-08 08:09:03	1	0	15	0
   110439	2026-05-08 08:17:40	1	0	15	0
   110438	2026-05-08 08:31:39	1	0	15	0
   110423	2026-05-08 11:17:19	1	0	15	0
   110420	2026-05-08 12:01:40	1	0	15	0
   110422	2026-05-08 12:03:17	1	0	15	0
   110422	2026-05-08 12:03:19	1	0	15	0
   110438	2026-05-08 12:03:36	1	0	15	0
   110439	2026-05-08 12:03:40	1	0	15	0
   110453	2026-05-08 12:04:25	1	0	15	0
   110449	2026-05-08 12:09:03	1	0	15	0
   110449	2026-05-08 12:09:04	1	0	15	0
   110541	2026-05-08 12:10:04	1	0	15	0
   110444	2026-05-08 12:17:20	1	0	15	0
   110425	2026-05-08 12:19:33	1	0	15	0
   110422	2026-05-08 12:30:43	1	0	15	0
   110422	2026-05-08 12:30:45	1	0	15	0
   110420	2026-05-08 12:31:26	1	0	15	0
   110444	2026-05-08 12:32:22	1	0	15	0
   110541	2026-05-08 12:34:17	1	0	15	0
   110441	2026-05-08 12:41:16	1	0	15	0
   110425	2026-05-08 12:41:50	1	0	15	0
   110438	2026-05-08 12:42:09	1	0	15	0
   110438	2026-05-08 12:42:10	1	0	15	0
   110439	2026-05-08 12:43:35	1	0	15	0
   110439	2026-05-08 12:43:37	1	0	15	0
   110453	2026-05-08 12:44:15	1	0	15	0
   110623	2026-05-08 12:44:28	1	0	15	0
   110441	2026-05-08 12:49:59	1	0	15	0
   110623	2026-05-08 12:50:50	1	0	15	0
   110449	2026-05-08 12:55:17	1	0	15	0
   110441	2026-05-08 17:01:05	1	0	15	0
   110541	2026-05-08 17:01:10	1	0	15	0
   110425	2026-05-08 17:01:17	1	0	15	0
   110444	2026-05-08 17:01:32	1	0	15	0
   110423	2026-05-08 17:02:28	1	0	15	0
   110449	2026-05-08 17:08:22	1	0	15	0
   110449	2026-05-08 17:08:24	1	0	15	0
   110453	2026-05-08 17:13:40	1	0	15	0
   110439	2026-05-08 17:20:09	1	0	15	0
   110439	2026-05-08 17:20:11	1	0	15	0
   118598	2026-05-11 06:59:07	1	0	15	0
   117099	2026-05-11 07:19:17	1	0	15	0
   110449	2026-05-11 07:22:10	1	0	15	0
   116137	2026-05-11 07:28:52	1	0	15	0
   116137	2026-05-11 07:28:54	1	0	15	0
   110423	2026-05-11 07:30:57	1	0	15	0
   110422	2026-05-11 07:38:16	1	0	15	0
   110422	2026-05-11 07:38:18	1	0	15	0
   110453	2026-05-11 07:40:36	1	0	15	0
   117022	2026-05-11 07:42:27	1	0	15	0
   117022	2026-05-11 07:42:37	1	0	15	0
   110714	2026-05-11 07:43:05	1	0	15	0
   110714	2026-05-11 07:43:07	1	0	15	0
   110714	2026-05-11 07:43:09	1	0	15	0
   110444	2026-05-11 07:48:05	1	0	15	0
   118024	2026-05-11 07:57:09	1	0	15	0
   110441	2026-05-11 08:03:55	1	0	15	0
   110425	2026-05-11 08:04:11	1	0	15	0
   110425	2026-05-11 08:04:13	1	0	15	0
   110623	2026-05-11 08:05:51	1	0	15	0
   110420	2026-05-11 08:06:31	1	0	15	0
   110438	2026-05-11 08:07:23	1	0	15	0
   110439	2026-05-11 08:26:33	1	0	15	0
   110449	2026-05-11 12:02:00	1	0	15	0
   110449	2026-05-11 12:02:02	1	0	15	0
   110623	2026-05-11 12:02:27	1	0	15	0
   110714	2026-05-11 12:02:55	1	0	15	0
   117022	2026-05-11 12:03:01	1	0	15	0
   117022	2026-05-11 12:03:03	1	0	15	0
   117099	2026-05-11 12:03:12	1	0	15	0
   110453	2026-05-11 12:03:28	1	0	15	0
   118024	2026-05-11 12:03:34	1	0	15	0
   118024	2026-05-11 12:03:36	1	0	15	0
   110438	2026-05-11 12:05:32	1	0	15	0
   118024	2026-05-11 12:05:39	1	0	15	0
   118024	2026-05-11 12:05:41	1	0	15	0
   117022	2026-05-11 12:05:52	1	0	15	0
   117022	2026-05-11 12:05:54	1	0	15	0
   110714	2026-05-11 12:06:02	1	0	15	0
   110714	2026-05-11 12:06:04	1	0	15	0
   117099	2026-05-11 12:06:09	1	0	15	0
   117099	2026-05-11 12:06:11	1	0	15	0
   110420	2026-05-11 12:06:35	1	0	15	0
   110420	2026-05-11 12:06:36	1	0	15	0
   110439	2026-05-11 12:06:45	1	0	15	0
   110425	2026-05-11 12:06:50	1	0	15	0
   110444	2026-05-11 12:08:17	1	0	15	0
   110422	2026-05-11 12:08:59	1	0	15	0
   110422	2026-05-11 12:09:01	1	0	15	0
   110423	2026-05-11 12:10:44	1	0	15	0
   110423	2026-05-11 12:10:46	1	0	15	0
   110623	2026-05-11 12:12:01	1	0	15	0
   110441	2026-05-11 12:12:43	1	0	15	0
   110441	2026-05-11 12:12:44	1	0	15	0
   110422	2026-05-11 12:13:14	1	0	15	0
   110422	2026-05-11 12:13:16	1	0	15	0
   110423	2026-05-11 12:13:30	1	0	15	0
   110441	2026-05-11 12:17:41	1	0	15	0
   110444	2026-05-11 12:19:08	1	0	15	0
   110449	2026-05-11 12:21:09	1	0	15	0
   110453	2026-05-11 12:23:07	1	0	15	0
   118598	2026-05-11 12:36:19	1	1	15	0
   116137	2026-05-11 12:36:29	1	1	15	0
   110438	2026-05-11 12:41:48	1	1	15	0
   110438	2026-05-11 12:41:50	1	1	15	0
   110439	2026-05-11 12:41:54	1	1	15	0
   110425	2026-05-11 12:43:22	1	1	15	0
   118598	2026-05-11 12:44:51	1	0	15	0
   110420	2026-05-11 12:51:56	1	0	15	0
   110444	2026-05-11 17:03:59	1	0	15	0
   110623	2026-05-11 17:04:19	1	0	15	0
   110420	2026-05-11 17:04:31	1	0	15	0
   110449	2026-05-11 17:04:38	1	0	15	0
   110441	2026-05-11 17:05:13	1	0	15	0
   110425	2026-05-11 17:06:04	1	0	15	0
   110422	2026-05-11 17:08:29	1	0	15	0
   110422	2026-05-11 17:08:31	1	0	15	0
   110423	2026-05-11 17:10:47	1	0	15	0
   110453	2026-05-11 17:37:59	1	0	15	0
   110438	2026-05-11 17:40:43	1	0	15	0
   110438	2026-05-11 17:40:45	1	0	15	0
   110439	2026-05-11 17:40:49	1	0	15	0
   118598	2026-05-11 18:08:04	1	0	15	0
   117099	2026-05-11 18:43:39	1	0	15	0
   117022	2026-05-11 18:57:39	1	0	15	0
   117022	2026-05-11 18:57:41	1	0	15	0
   110714	2026-05-11 18:57:46	1	0	15	0
   110714	2026-05-11 18:57:48	1	0	15	0
   118024	2026-05-11 18:58:23	1	0	15	0
   116137	2026-05-11 19:01:00	1	0	15	0
   116137	2026-05-11 19:01:02	1	0	15	0
   110441	2026-05-12 06:48:22	1	0	15	0
   110425	2026-05-12 07:11:37	1	0	15	0
   118024	2026-05-12 07:13:26	1	0	15	0
   118598	2026-05-12 07:14:27	1	0	15	0
   110449	2026-05-12 07:18:23	1	0	15	0
   110449	2026-05-12 07:18:25	1	0	15	0
   110444	2026-05-12 07:25:38	1	0	15	0
   110422	2026-05-12 07:39:48	1	0	15	0
   110422	2026-05-12 07:39:50	1	0	15	0
   117099	2026-05-12 07:43:33	1	0	15	0
   110423	2026-05-12 07:50:53	1	0	15	0
   110541	2026-05-12 07:51:02	1	0	15	0
   110420	2026-05-12 07:54:00	1	0	15	0
   110453	2026-05-12 07:54:33	1	0	15	0
   110714	2026-05-12 07:56:27	1	0	15	0
   110714	2026-05-12 07:56:29	1	0	15	0
   110623	2026-05-12 07:58:07	1	0	15	0
   110438	2026-05-12 08:09:37	1	0	15	0
   110438	2026-05-12 08:09:39	1	0	15	0
   116137	2026-05-12 08:13:14	1	0	15	0
   116137	2026-05-12 08:13:16	1	0	15	0
   117022	2026-05-12 08:21:52	1	0	15	0
   110439	2026-05-12 08:48:55	1	0	15	0
   110541	2026-05-12 12:01:04	1	0	15	0
   110420	2026-05-12 12:01:13	1	0	15	0
   110623	2026-05-12 12:02:45	1	0	15	0
   118024	2026-05-12 12:04:54	1	0	15	0
   110438	2026-05-12 12:06:13	1	0	15	0
   110439	2026-05-12 12:06:17	1	0	15	0
   110423	2026-05-12 12:06:56	1	0	15	0
   110623	2026-05-12 12:08:31	1	0	15	0
   110422	2026-05-12 12:11:53	1	0	15	0
   110422	2026-05-12 12:11:55	1	0	15	0
   110714	2026-05-12 12:21:48	1	0	15	0
   118024	2026-05-12 12:23:03	1	0	15	0
   117022	2026-05-12 12:23:08	1	0	15	0
   117022	2026-05-12 12:23:10	1	0	15	0
   110422	2026-05-12 12:23:14	1	0	15	0
   110422	2026-05-12 12:23:16	1	0	15	0
   117099	2026-05-12 12:24:08	1	0	15	0
   116137	2026-05-12 12:24:56	1	0	15	0
   110714	2026-05-12 12:29:47	1	0	15	0
   110714	2026-05-12 12:29:49	1	0	15	0
   118598	2026-05-12 12:30:10	1	0	15	0
   110453	2026-05-12 12:30:31	1	0	15	0
   110453	2026-05-12 12:42:08	1	0	15	0
   110423	2026-05-12 12:42:15	1	0	15	0
   110423	2026-05-12 12:42:17	1	0	15	0
   110439	2026-05-12 12:42:30	1	0	15	0
   110420	2026-05-12 12:45:53	1	0	15	0
   110438	2026-05-12 12:46:02	1	0	15	0
   110541	2026-05-12 12:51:06	1	0	15	0
   116137	2026-05-12 12:54:28	1	0	15	0
   116137	2026-05-12 12:54:30	1	0	15	0
   117099	2026-05-12 12:54:33	1	0	15	0
   117022	2026-05-12 12:54:53	1	0	15	0
   117022	2026-05-12 12:54:55	1	0	15	0
   118598	2026-05-12 12:57:49	1	0	15	0
   118598	2026-05-12 12:57:52	1	0	15	0
   110441	2026-05-12 12:57:59	1	0	15	0
   110441	2026-05-12 12:59:12	1	0	15	0
   110623	2026-05-12 17:03:53	1	0	15	0
   110541	2026-05-12 17:15:30	1	0	15	0
   110423	2026-05-12 17:15:43	1	0	15	0
   110422	2026-05-12 17:17:35	1	0	15	0
   110422	2026-05-12 17:17:37	1	0	15	0
   110420	2026-05-12 17:18:26	1	0	15	0
   110441	2026-05-12 17:22:30	1	0	15	0
   110441	2026-05-12 17:22:32	1	0	15	0
   110439	2026-05-12 17:55:13	1	0	15	0
   110453	2026-05-12 17:55:29	1	0	15	0
   110438	2026-05-12 17:55:59	1	0	15	0
   118598	2026-05-12 18:19:10	1	0	15	0
   116137	2026-05-12 18:56:13	1	0	15	0
   116137	2026-05-12 18:56:15	1	0	15	0
   118024	2026-05-12 19:00:12	1	0	15	0
   118024	2026-05-12 19:00:14	1	0	15	0
   110714	2026-05-12 19:00:32	1	0	15	0
   110714	2026-05-12 19:00:35	1	0	15	0
   117022	2026-05-12 19:00:41	1	0	15	0
   117022	2026-05-12 19:00:48	1	0	15	0
   117022	2026-05-12 19:00:50	1	0	15	0
   118598	2026-05-13 07:02:36	1	0	15	0
   118024	2026-05-13 07:09:28	1	0	15	0
   110046	2026-05-13 07:15:05	1	0	3	0
   110444	2026-05-13 07:32:03	1	0	15	0
   117099	2026-05-13 07:34:52	1	0	15	0
   117099	2026-05-13 07:34:54	1	0	15	0
   110441	2026-05-13 07:37:49	1	0	15	0
   110422	2026-05-13 07:49:01	1	0	15	0
   110422	2026-05-13 07:49:03	1	0	15	0
   110541	2026-05-13 07:50:28	1	0	15	0
   110423	2026-05-13 07:51:29	1	0	15	0
   110455	2026-05-13 07:55:12	1	0	15	0
   110714	2026-05-13 07:57:39	1	0	15	0
   110714	2026-05-13 07:57:41	1	0	15	0
   110623	2026-05-13 07:58:47	1	0	15	0
   110449	2026-05-13 07:59:10	1	0	15	0
   110449	2026-05-13 07:59:12	1	0	15	0
   117022	2026-05-13 08:01:35	1	0	15	0
   117022	2026-05-13 08:01:37	1	0	15	0
   117022	2026-05-13 08:01:39	1	0	15	0
   110425	2026-05-13 08:08:03	1	0	15	0
   110420	2026-05-13 08:10:02	1	0	15	0
   110420	2026-05-13 08:10:04	1	0	15	0
   116137	2026-05-13 08:11:52	1	0	15	0
   110453	2026-05-13 08:13:09	1	0	15	0
   110439	2026-05-13 08:17:49	1	0	15	0
   110438	2026-05-13 08:20:09	1	0	15	0
   110541	2026-05-13 12:01:05	1	0	15	0
   110623	2026-05-13 12:02:11	1	0	15	0
   110422	2026-05-13 12:03:02	1	0	15	0
   110422	2026-05-13 12:03:04	1	0	15	0
   118598	2026-05-13 12:03:25	1	0	15	0
   118024	2026-05-13 12:03:30	1	0	15	0
   110453	2026-05-13 12:03:35	1	0	15	0
   110423	2026-05-13 12:03:50	1	0	15	0
   110449	2026-05-13 12:03:57	1	0	15	0
   110441	2026-05-13 12:04:13	1	0	15	0
   110441	2026-05-13 12:04:14	1	0	15	0
   110444	2026-05-13 12:06:29	1	0	15	0
   110439	2026-05-13 12:07:15	1	0	15	0
   110423	2026-05-13 12:08:19	1	0	15	0
   110422	2026-05-13 12:09:19	1	0	15	0
   110422	2026-05-13 12:09:21	1	0	15	0
   110455	2026-05-13 12:10:19	1	0	15	0
   110420	2026-05-13 12:10:52	1	0	15	0
   110438	2026-05-13 12:10:57	1	0	15	0
   110438	2026-05-13 12:10:59	1	0	15	0
   110623	2026-05-13 12:11:10	1	0	15	0
   110425	2026-05-13 12:12:45	1	0	15	0
   110425	2026-05-13 12:12:47	1	0	15	0
   110046	2026-05-13 12:15:51	1	1	3	0
   110449	2026-05-13 12:16:01	1	1	15	0
   110449	2026-05-13 12:16:03	1	1	15	0
   110444	2026-05-13 12:17:03	1	1	15	0
   116137	2026-05-13 12:18:54	1	1	15	0
   117099	2026-05-13 12:19:07	1	1	15	0
   110714	2026-05-13 12:19:12	1	1	15	0
   110714	2026-05-13 12:19:14	1	1	15	0
   117022	2026-05-13 12:19:18	1	1	15	0
   110046	2026-05-13 12:20:55	1	0	3	0
   110455	2026-05-13 12:25:31	1	0	15	0
   117022	2026-05-13 12:26:12	1	0	15	0
   118024	2026-05-13 12:26:39	1	0	15	0
   118598	2026-05-13 12:28:15	1	0	15	0
   118598	2026-05-13 12:30:23	1	0	15	0
   110441	2026-05-13 12:30:29	1	0	15	0
   110425	2026-05-13 12:30:49	1	0	15	0
   110425	2026-05-13 12:30:51	1	0	15	0
   110714	2026-05-13 12:31:06	1	0	15	0
   110714	2026-05-13 12:31:08	1	0	15	0
   116137	2026-05-13 12:38:19	1	0	15	0
   116137	2026-05-13 12:38:21	1	0	15	0
   117099	2026-05-13 12:38:42	1	0	15	0
   117099	2026-05-13 12:38:44	1	0	15	0
   110541	2026-05-13 12:40:27	1	0	15	0
   110438	2026-05-13 12:42:37	1	0	15	0
   110439	2026-05-13 12:43:06	1	0	15	0
   110449	2026-05-13 17:05:00	1	0	15	0
   110455	2026-05-13 17:05:11	1	0	15	0
   110623	2026-05-13 17:05:41	1	0	15	0
   110444	2026-05-13 17:06:43	1	0	15	0
   110441	2026-05-13 17:07:30	1	0	15	0
   110441	2026-05-13 17:07:32	1	0	15	0
   110425	2026-05-13 17:09:36	1	0	15	0
   110423	2026-05-13 17:10:26	1	0	15	0
   110541	2026-05-13 17:24:45	1	0	15	0
   110420	2026-05-13 17:24:57	1	0	15	0
   110422	2026-05-13 17:25:03	1	0	15	0
   110422	2026-05-13 17:25:05	1	0	15	0
   110438	2026-05-13 17:34:34	1	0	15	0
   110438	2026-05-13 17:34:36	1	0	15	0
   110439	2026-05-13 17:34:40	1	0	15	0
   110453	2026-05-13 17:36:25	1	0	15	0
   110453	2026-05-13 17:36:27	1	0	15	0
   110046	2026-05-13 18:32:08	1	1	3	0
   110329	2026-05-13 18:33:47	1	1	15	0
   118598	2026-05-13 18:33:57	1	1	15	0
   117099	2026-05-13 18:51:17	1	1	15	0
   117099	2026-05-13 18:51:19	1	1	15	0
   118598	2026-05-13 18:53:12	1	1	15	0
   118024	2026-05-13 19:01:27	1	1	15	0
   110714	2026-05-13 19:03:20	1	1	15	0
   110714	2026-05-13 19:03:22	1	1	15	0
   110714	2026-05-13 19:03:24	1	1	15	0
   117022	2026-05-13 19:03:30	1	1	15	0
   117022	2026-05-13 19:03:32	1	1	15	0
   116137	2026-05-13 19:20:54	1	1	15	0
   116137	2026-05-13 19:20:56	1	1	15	0
   110714	2026-05-14 06:57:25	1	1	15	0
   110714	2026-05-14 06:57:27	1	1	15	0
   110046	2026-05-14 06:59:18	1	0	3	0
   117099	2026-05-14 07:14:30	1	0	15	0
   110441	2026-05-14 07:47:32	1	0	15	0
   110422	2026-05-14 07:49:32	1	0	15	0
   110422	2026-05-14 07:49:34	1	0	15	0
   110423	2026-05-14 07:49:51	1	0	15	0
   110541	2026-05-14 07:50:23	1	0	15	0
   110449	2026-05-14 07:55:51	1	0	15	0
   118024	2026-05-14 07:57:07	1	0	15	0
   110425	2026-05-14 07:57:44	1	0	15	0
   110425	2026-05-14 07:57:46	1	0	15	0
   110623	2026-05-14 07:58:51	1	0	15	0
   110453	2026-05-14 08:00:09	1	0	15	0
   110420	2026-05-14 08:01:23	1	0	15	0
   110455	2026-05-14 08:05:41	1	0	15	0
   110438	2026-05-14 08:18:21	1	0	15	0
   110439	2026-05-14 08:37:59	1	0	15	0
   110422	2026-05-14 12:01:44	1	0	15	0
   110422	2026-05-14 12:01:46	1	0	15	0
   110441	2026-05-14 12:02:16	1	0	15	0
   110541	2026-05-14 12:03:09	1	0	15	0
   110438	2026-05-14 12:05:10	1	0	15	0
   110420	2026-05-14 12:05:14	1	0	15	0
   110453	2026-05-14 12:05:19	1	0	15	0
   110439	2026-05-14 12:06:42	1	0	15	0
   110046	2026-05-14 12:06:58	1	1	3	0
   110422	2026-05-14 12:09:56	1	1	15	0
   110422	2026-05-14 12:09:58	1	1	15	0
   110423	2026-05-14 12:10:24	1	1	15	0
   110423	2026-05-14 12:10:26	1	1	15	0
   110449	2026-05-14 12:10:44	1	1	15	0
   110449	2026-05-14 12:10:45	1	1	15	0
   110714	2026-05-14 12:16:35	1	1	15	0
   110714	2026-05-14 12:16:37	1	1	15	0
   117099	2026-05-14 12:16:45	1	1	15	0
   117099	2026-05-14 12:16:47	1	1	15	0
   110623	2026-05-14 12:20:56	1	1	15	0
   110441	2026-05-14 12:22:54	1	1	15	0
   117022	2026-05-14 12:27:03	1	1	15	0
   117022	2026-05-14 12:27:04	1	1	15	0
   110425	2026-05-14 12:28:02	1	1	15	0
   110453	2026-05-14 12:28:34	1	1	15	0
   110046	2026-05-14 12:29:11	1	0	3	0
   110623	2026-05-14 12:31:57	1	0	15	0
   110425	2026-05-14 12:32:12	1	0	15	0
   117099	2026-05-14 12:33:41	1	0	15	0
   110714	2026-05-14 12:33:46	1	0	15	0
   110714	2026-05-14 12:33:48	1	0	15	0
   110423	2026-05-14 12:37:03	1	0	15	0
   110541	2026-05-14 12:38:44	1	0	15	0
   118024	2026-05-14 12:46:07	1	0	15	0
   118024	2026-05-14 12:46:09	1	0	15	0
   110439	2026-05-14 12:46:58	1	0	15	0
   110438	2026-05-14 12:47:04	1	0	15	0
   110438	2026-05-14 12:47:06	1	0	15	0
   110420	2026-05-14 12:47:35	1	0	15	0
   117022	2026-05-14 12:49:03	1	0	15	0
   118024	2026-05-14 12:56:49	1	0	15	0
   110423	2026-05-14 17:03:35	1	0	15	0
   110541	2026-05-14 17:03:41	1	0	15	0
   110449	2026-05-14 17:04:12	1	0	15	0
   110623	2026-05-14 17:04:22	1	0	15	0
   110420	2026-05-14 17:04:29	1	0	15	0
   110420	2026-05-14 17:04:31	1	0	15	0
   110422	2026-05-14 17:04:35	1	0	15	0
   110422	2026-05-14 17:04:37	1	0	15	0
   110441	2026-05-14 17:05:02	1	0	15	0
   110425	2026-05-14 17:07:14	1	0	15	0
   110453	2026-05-14 17:10:13	1	0	15	0
   110439	2026-05-14 17:10:55	1	0	15	0
   110438	2026-05-14 17:11:37	1	0	15	0
   110438	2026-05-14 17:11:39	1	0	15	0
   110714	2026-05-14 18:25:14	1	0	15	0
   110714	2026-05-14 18:25:16	1	0	15	0
   117099	2026-05-14 18:42:42	1	0	15	0
   110046	2026-05-14 18:57:40	1	1	3	0
   117022	2026-05-14 19:11:30	1	1	15	0
   117022	2026-05-14 19:11:32	1	1	15	0
   118024	2026-05-14 19:12:16	1	1	15	0
   110423	2026-05-15 07:22:24	1	1	15	0
   110444	2026-05-15 07:23:02	1	1	15	0
   110422	2026-05-15 07:32:43	1	1	15	0
   110422	2026-05-15 07:32:45	1	1	15	0
   110541	2026-05-15 07:51:32	1	1	15	0
   110441	2026-05-15 07:58:31	1	1	15	0
   110455	2026-05-15 07:59:05	1	1	15	0
   110623	2026-05-15 08:04:10	1	1	15	0
   110453	2026-05-15 08:04:52	1	1	15	0
   110453	2026-05-15 08:04:54	1	1	15	0
   110420	2026-05-15 08:05:29	1	1	15	0
   110449	2026-05-15 08:10:28	1	1	15	0
   110449	2026-05-15 08:10:30	1	1	15	0
   110425	2026-05-15 08:12:05	1	1	15	0
   110438	2026-05-15 08:15:47	1	1	15	0
   110438	2026-05-15 08:15:49	1	1	15	0
   110439	2026-05-15 08:47:30	1	1	15	0
   110623	2026-05-15 12:01:03	1	1	15	0
   110422	2026-05-15 12:05:15	1	1	15	0
   110422	2026-05-15 12:05:17	1	1	15	0
   110444	2026-05-15 12:05:39	1	1	15	0
   110439	2026-05-15 12:06:43	1	1	15	0
   110449	2026-05-15 12:07:20	1	1	15	0
   110623	2026-05-15 12:08:48	1	1	15	0
   110541	2026-05-15 12:09:56	1	1	15	0
   110438	2026-05-15 12:10:01	1	1	15	0
   110449	2026-05-15 12:10:12	1	1	15	0
   110423	2026-05-15 12:13:50	1	1	15	0
   110455	2026-05-15 12:15:49	1	1	15	0
   110455	2026-05-15 12:20:44	1	1	15	0
   110444	2026-05-15 12:22:43	1	1	15	0
   110420	2026-05-15 12:23:03	1	1	15	0
   110453	2026-05-15 12:25:36	1	1	15	0
   110425	2026-05-15 12:34:40	1	1	15	0
   110453	2026-05-15 12:39:24	1	1	15	0
   110423	2026-05-15 12:39:43	1	1	15	0
   110541	2026-05-15 12:39:47	1	1	15	0
   110439	2026-05-15 12:41:43	1	1	15	0
   110439	2026-05-15 12:41:45	1	1	15	0
   110438	2026-05-15 12:41:59	1	1	15	0
   110438	2026-05-15 12:42:01	1	1	15	0
   110425	2026-05-15 12:49:14	1	1	15	0
   110425	2026-05-15 12:49:16	1	1	15	0
   110420	2026-05-15 12:57:12	1	1	15	0
   110420	2026-05-15 17:03:05	1	1	15	0
   110422	2026-05-15 17:04:09	1	1	15	0
   110422	2026-05-15 17:04:10	1	1	15	0
   110455	2026-05-15 17:05:17	1	1	15	0
   110623	2026-05-15 17:05:23	1	1	15	0
   110438	2026-05-15 17:13:16	1	1	15	0
   110439	2026-05-15 17:13:22	1	1	15	0
   110046	2026-05-17 22:56:53	1	0	3	0
   118024	2026-05-18 07:16:45	1	0	15	0
   118024	2026-05-18 07:16:47	1	0	15	0
   110449	2026-05-18 07:23:44	1	0	15	0
   110439	2026-05-18 07:25:26	1	0	15	0
   110425	2026-05-18 07:33:22	1	0	15	0
   110444	2026-05-18 07:35:54	1	0	15	0
   116137	2026-05-18 07:36:30	1	0	15	0
   116137	2026-05-18 07:36:32	1	0	15	0
   110541	2026-05-18 07:53:00	1	0	15	0
   110423	2026-05-18 07:54:05	1	0	15	0
   110422	2026-05-18 08:00:29	1	0	15	0
   110422	2026-05-18 08:00:31	1	0	15	0
   117099	2026-05-18 08:01:57	1	0	15	0
   110455	2026-05-18 08:02:55	1	0	15	0
   110438	2026-05-18 08:03:56	1	0	15	0
   110453	2026-05-18 08:06:01	1	0	15	0
   110714	2026-05-18 08:09:26	1	0	15	0
   110714	2026-05-18 08:09:28	1	0	15	0
   110420	2026-05-18 08:18:38	1	0	15	0
   110420	2026-05-18 08:18:39	1	0	15	0
   110444	2026-05-18 12:03:06	1	0	15	0
   110455	2026-05-18 12:03:10	1	0	15	0
   110438	2026-05-18 12:04:02	1	0	15	0
   110438	2026-05-18 12:04:04	1	0	15	0
   110420	2026-05-18 12:05:04	1	0	15	0
   110420	2026-05-18 12:05:06	1	0	15	0
   110422	2026-05-18 12:05:17	1	0	15	0
   110422	2026-05-18 12:05:19	1	0	15	0
   110439	2026-05-18 12:05:37	1	0	15	0
   110423	2026-05-18 12:07:13	1	0	15	0
   110449	2026-05-18 12:08:42	1	0	15	0
   110449	2026-05-18 12:08:44	1	0	15	0
   110541	2026-05-18 12:11:15	1	0	15	0
   118024	2026-05-18 12:19:08	1	0	15	0
   110714	2026-05-18 12:19:14	1	0	15	0
   110714	2026-05-18 12:19:15	1	0	15	0
   117099	2026-05-18 12:19:19	1	0	15	0
   110455	2026-05-18 12:19:53	1	0	15	0
   118024	2026-05-18 12:22:09	1	0	15	0
   118024	2026-05-18 12:22:11	1	0	15	0
   110422	2026-05-18 12:22:37	1	0	15	0
   110422	2026-05-18 12:22:39	1	0	15	0
   110425	2026-05-18 12:29:17	1	0	15	0
   110444	2026-05-18 12:29:36	1	0	15	0
   110541	2026-05-18 12:33:51	1	0	15	0
   117099	2026-05-18 12:34:40	1	0	15	0
   110714	2026-05-18 12:34:45	1	0	15	0
   110714	2026-05-18 12:34:47	1	0	15	0
   110046	2026-05-18 12:35:35	1	1	3	0
   110453	2026-05-18 12:36:08	1	1	15	0
   110423	2026-05-18 12:37:23	1	1	15	0
   116137	2026-05-18 12:44:06	1	1	15	0
   110420	2026-05-18 12:45:20	1	1	15	0
   110438	2026-05-18 12:48:38	1	1	15	0
   110438	2026-05-18 12:48:40	1	1	15	0
   110439	2026-05-18 12:48:44	1	1	15	0
   110439	2026-05-18 12:48:45	1	1	15	0
   116137	2026-05-18 12:50:01	1	1	15	0
   110425	2026-05-18 12:53:34	1	1	15	0
   110453	2026-05-18 12:58:40	1	1	15	0
   110449	2026-05-18 12:59:15	1	1	15	0
   110455	2026-05-18 17:05:51	1	1	15	0
   110444	2026-05-18 17:05:59	1	1	15	0
   110423	2026-05-18 17:09:50	1	1	15	0
   110423	2026-05-18 17:09:52	1	1	15	0
   110420	2026-05-18 17:12:06	1	1	15	0
   110422	2026-05-18 17:12:12	1	1	15	0
   110422	2026-05-18 17:12:14	1	1	15	0
   110541	2026-05-18 17:13:03	1	1	15	0
   110449	2026-05-18 17:22:58	1	1	15	0
   110449	2026-05-18 17:23:00	1	1	15	0
   110425	2026-05-18 17:24:06	1	1	15	0
   110438	2026-05-18 17:35:51	1	1	15	0
   110438	2026-05-18 17:35:53	1	1	15	0
   110439	2026-05-18 17:35:56	1	1	15	0
   110439	2026-05-18 17:35:57	1	1	15	0
   110453	2026-05-18 17:44:05	1	1	15	0
   110046	2026-05-18 18:29:50	1	1	3	0
   110329	2026-05-18 18:30:06	1	1	15	0
   117099	2026-05-18 19:01:45	1	1	15	0
   118024	2026-05-18 19:03:39	1	1	15	0
   116137	2026-05-18 19:07:35	1	1	15	0
   110714	2026-05-18 19:09:57	1	1	15	0
   110714	2026-05-18 19:09:59	1	1	15	0
   118598	2026-05-19 07:09:54	1	1	15	0
   110444	2026-05-19 07:39:55	1	1	15	0
   117099	2026-05-19 07:44:32	1	1	15	0
   110441	2026-05-19 07:46:55	1	1	15	0
   110541	2026-05-19 07:47:28	1	1	15	0
   110449	2026-05-19 07:48:33	1	1	15	0
   110425	2026-05-19 07:48:59	1	1	15	0
   110423	2026-05-19 07:51:30	1	1	15	0
   110455	2026-05-19 08:08:40	1	1	15	0
   110623	2026-05-19 08:08:44	1	1	15	0
   110422	2026-05-19 08:15:22	1	1	15	0
   110422	2026-05-19 08:15:24	1	1	15	0
   117022	2026-05-19 08:15:36	1	1	15	0
   117022	2026-05-19 08:15:38	1	1	15	0
   110439	2026-05-19 08:23:18	1	1	15	0
   116137	2026-05-19 08:26:01	1	1	15	0
   110453	2026-05-19 08:41:21	1	1	15	0
   110438	2026-05-19 08:44:57	1	1	15	0
   117099	2026-05-19 12:01:05	1	1	15	0
   117022	2026-05-19 12:01:54	1	1	15	0
   117022	2026-05-19 12:01:56	1	1	15	0
   110438	2026-05-19 12:05:03	1	1	15	0
   110444	2026-05-19 12:05:23	1	1	15	0
   110623	2026-05-19 12:05:32	1	1	15	0
   110455	2026-05-19 12:05:41	1	1	15	0
   110449	2026-05-19 12:05:55	1	1	15	0
   110422	2026-05-19 12:06:53	1	1	15	0
   110422	2026-05-19 12:06:55	1	1	15	0
   110439	2026-05-19 12:07:00	1	1	15	0
   110453	2026-05-19 12:07:17	1	1	15	0
   110714	2026-05-19 12:07:43	1	1	15	0
   110441	2026-05-19 12:10:16	1	1	15	0
   110425	2026-05-19 12:10:52	1	1	15	0
   117099	2026-05-19 12:12:43	1	1	15	0
   117022	2026-05-19 12:12:50	1	1	15	0
   118024	2026-05-19 12:13:01	1	1	15	0
   118024	2026-05-19 12:13:03	1	1	15	0
   110623	2026-05-19 12:15:58	1	1	15	0
   110423	2026-05-19 12:16:13	1	1	15	0
   110441	2026-05-19 12:16:47	1	1	15	0
   118024	2026-05-19 12:16:52	1	1	15	0
   110449	2026-05-19 12:19:41	1	1	15	0
   110449	2026-05-19 12:19:43	1	1	15	0
   110423	2026-05-19 12:22:53	1	1	15	0
   110423	2026-05-19 12:22:55	1	1	15	0
   118598	2026-05-19 12:24:20	1	1	15	0
   110422	2026-05-19 12:25:09	1	1	15	0
   110422	2026-05-19 12:25:11	1	1	15	0
   116137	2026-05-19 12:26:51	1	1	15	0
   116137	2026-05-19 12:26:53	1	1	15	0
   110444	2026-05-19 12:27:58	1	1	15	0
   110455	2026-05-19 12:28:08	1	1	15	0
   116137	2026-05-19 12:31:24	1	1	15	0
   110438	2026-05-19 12:33:17	1	1	15	0
   110439	2026-05-19 12:33:23	1	1	15	0
   110439	2026-05-19 12:33:25	1	1	15	0
   110425	2026-05-19 12:33:59	1	1	15	0
   110425	2026-05-19 12:34:01	1	1	15	0
   116137	2026-05-19 12:39:10	1	1	15	0
   116137	2026-05-19 12:39:12	1	1	15	0
   110420	2026-05-19 12:40:41	1	1	15	0
   110420	2026-05-19 12:40:43	1	1	15	0
   110453	2026-05-19 12:41:03	1	1	15	0
   110541	2026-05-19 12:41:31	1	1	15	0
   118598	2026-05-19 12:45:23	1	0	15	0
   110541	2026-05-19 12:51:01	1	0	15	0
   110541	2026-05-19 17:01:08	1	0	15	0
   110423	2026-05-19 17:01:28	1	0	15	0
   110420	2026-05-19 17:01:32	1	0	15	0
   110422	2026-05-19 17:01:39	1	0	15	0
   110455	2026-05-19 17:01:58	1	0	15	0
   110623	2026-05-19 17:02:19	1	0	15	0
   110449	2026-05-19 17:02:30	1	0	15	0
   110444	2026-05-19 17:02:39	1	0	15	0
   110441	2026-05-19 17:04:15	1	0	15	0
   110441	2026-05-19 17:04:17	1	0	15	0
   110425	2026-05-19 17:07:09	1	0	15	0
   110425	2026-05-19 17:07:10	1	0	15	0
   110439	2026-05-19 17:10:54	1	0	15	0
   110439	2026-05-19 17:10:56	1	0	15	0
   110438	2026-05-19 17:10:59	1	0	15	0
   110438	2026-05-19 17:11:01	1	0	15	0
   110453	2026-05-19 17:13:57	1	0	15	0
   110453	2026-05-19 17:13:59	1	0	15	0
   118598	2026-05-19 18:11:54	1	0	15	0
   118024	2026-05-19 18:43:16	1	0	15	0
   117099	2026-05-19 18:48:07	1	0	15	0
   117099	2026-05-19 18:48:09	1	0	15	0
   116137	2026-05-19 18:52:39	1	0	15	0
   116137	2026-05-19 19:08:34	1	0	15	0
   117022	2026-05-19 19:11:04	1	0	15	0
   110714	2026-05-19 19:15:02	1	0	15	0
   110714	2026-05-19 19:15:04	1	0	15	0
   118598	2026-05-20 07:10:55	1	0	15	0
   118598	2026-05-20 07:10:57	1	0	15	0
   110441	2026-05-20 07:12:49	1	0	15	0
   118024	2026-05-20 07:13:45	1	0	15	0
   118024	2026-05-20 07:13:47	1	0	15	0
   110449	2026-05-20 07:24:46	1	0	15	0
   110425	2026-05-20 07:25:54	1	0	15	0
   110444	2026-05-20 07:29:11	1	0	15	0
   117099	2026-05-20 07:29:50	1	0	15	0
   110422	2026-05-20 07:38:20	1	0	15	0
   110422	2026-05-20 07:38:22	1	0	15	0
   117099	2026-05-20 07:42:44	1	0	15	0
   110423	2026-05-20 07:47:10	1	0	15	0
   110423	2026-05-20 07:47:12	1	0	15	0
   110623	2026-05-20 07:49:09	1	0	15	0
   110541	2026-05-20 07:49:18	1	0	15	0
   110420	2026-05-20 07:53:51	1	0	15	0
   110438	2026-05-20 07:57:19	1	0	15	0
   110714	2026-05-20 07:58:10	1	0	15	0
   110714	2026-05-20 07:58:12	1	0	15	0
   110453	2026-05-20 07:59:38	1	0	15	0
   116137	2026-05-20 08:12:51	1	0	15	0
   117022	2026-05-20 08:29:40	1	0	15	0
   110439	2026-05-20 08:50:47	1	0	15	0
   110422	2026-05-20 12:04:31	1	0	15	0
   110422	2026-05-20 12:04:33	1	0	15	0
   110623	2026-05-20 12:05:59	1	0	15	0
   110439	2026-05-20 12:06:09	1	0	15	0
   110420	2026-05-20 12:07:19	1	0	15	0
   110541	2026-05-20 12:08:58	1	0	15	0
   110623	2026-05-20 12:12:48	1	0	15	0
   110423	2026-05-20 12:14:47	1	0	15	0
   110438	2026-05-20 12:19:39	1	0	15	0
   110438	2026-05-20 12:19:40	1	0	15	0
   110423	2026-05-20 12:21:44	1	0	15	0
   110422	2026-05-20 12:22:50	1	0	15	0
   110422	2026-05-20 12:22:52	1	0	15	0
   117099	2026-05-20 12:23:35	1	0	15	0
   116137	2026-05-20 12:23:42	1	0	15	0
   118024	2026-05-20 12:23:46	1	0	15	0
   110714	2026-05-20 12:23:51	1	0	15	0
   110714	2026-05-20 12:23:53	1	0	15	0
   110420	2026-05-20 12:27:54	1	0	15	0
   110420	2026-05-20 12:27:56	1	0	15	0
   110438	2026-05-20 12:34:41	1	0	15	0
   110714	2026-05-20 12:36:59	1	0	15	0
   110714	2026-05-20 12:37:01	1	0	15	0
   110541	2026-05-20 12:40:59	1	0	15	0
   117099	2026-05-20 12:41:10	1	0	15	0
   110453	2026-05-20 12:41:31	1	0	15	0
   117022	2026-05-20 12:41:36	1	0	15	0
   116137	2026-05-20 12:43:03	1	0	15	0
   116137	2026-05-20 12:43:05	1	0	15	0
   110439	2026-05-20 12:43:20	1	0	15	0
   110441	2026-05-20 12:48:52	1	0	15	0
   118024	2026-05-20 12:53:09	1	0	15	0
   118598	2026-05-20 12:53:36	1	0	15	0
   117022	2026-05-20 12:53:42	1	0	15	0
   110441	2026-05-20 12:56:48	1	0	15	0
   118598	2026-05-20 12:57:13	1	0	15	0
   110453	2026-05-20 12:58:55	1	0	15	0
   110623	2026-05-20 17:06:06	1	0	15	0
   110441	2026-05-20 17:08:48	1	0	15	0
   110422	2026-05-20 17:13:32	1	0	15	0
   110422	2026-05-20 17:13:34	1	0	15	0
   110420	2026-05-20 17:13:45	1	0	15	0
   110420	2026-05-20 17:13:47	1	0	15	0
   110541	2026-05-20 17:13:54	1	0	15	0
   110423	2026-05-20 17:18:19	1	0	15	0
   110438	2026-05-20 17:31:36	1	0	15	0
   110438	2026-05-20 17:31:38	1	0	15	0
   110439	2026-05-20 17:31:42	1	0	15	0
   110453	2026-05-20 17:34:07	1	0	15	0
   118598	2026-05-20 18:11:47	1	0	15	0
   110714	2026-05-20 19:02:34	1	0	15	0
   110714	2026-05-20 19:02:36	1	0	15	0
   117022	2026-05-20 19:09:03	1	0	15	0
   117022	2026-05-20 19:09:10	1	0	15	0
   117022	2026-05-20 19:09:12	1	0	15	0
   116137	2026-05-20 19:15:06	1	0	15	0
   116137	2026-05-20 19:15:08	1	0	15	0
   117099	2026-05-20 19:22:46	1	0	15	0
   118024	2026-05-20 19:29:04	1	0	15	0
   110046	2026-05-21 06:45:34	1	0	3	0
   118024	2026-05-21 07:09:43	1	0	15	0
   118598	2026-05-21 07:09:56	1	0	15	0
   110541	2026-05-21 07:25:48	1	0	15	0
   117099	2026-05-21 07:35:08	1	0	15	0
   110422	2026-05-21 07:37:40	1	0	15	0
   110422	2026-05-21 07:37:42	1	0	15	0
   110714	2026-05-21 07:40:20	1	0	15	0
   110714	2026-05-21 07:40:22	1	0	15	0
   110425	2026-05-21 07:44:08	1	0	15	0
   110441	2026-05-21 07:45:18	1	0	15	0
   110441	2026-05-21 07:45:20	1	0	15	0
   110444	2026-05-21 07:46:00	1	0	15	0
   110623	2026-05-21 07:51:53	1	0	15	0
   110423	2026-05-21 07:57:06	1	0	15	0
   110449	2026-05-21 07:57:18	1	0	15	0
   110455	2026-05-21 08:01:02	1	0	15	0
   110453	2026-05-21 08:05:38	1	0	15	0
   116137	2026-05-21 08:26:50	1	0	15	0
   110420	2026-05-21 08:27:39	1	0	15	0
   110420	2026-05-21 08:27:41	1	0	15	0
   117022	2026-05-21 08:31:45	1	0	15	0
   117022	2026-05-21 08:31:47	1	0	15	0
   110439	2026-05-21 08:32:37	1	0	15	0
   110444	2026-05-21 12:02:42	1	0	15	0
   110623	2026-05-21 12:02:51	1	0	15	0
   110441	2026-05-21 12:02:56	1	0	15	0
   110439	2026-05-21 12:03:56	1	0	15	0
   110453	2026-05-21 12:05:34	1	0	15	0
   110453	2026-05-21 12:05:36	1	0	15	0
   110541	2026-05-21 12:06:48	1	0	15	0
   110541	2026-05-21 12:06:50	1	0	15	0
   110444	2026-05-21 12:07:54	1	0	15	0
   110623	2026-05-21 12:08:10	1	0	15	0
   110441	2026-05-21 12:08:22	1	0	15	0
   110420	2026-05-21 12:09:38	1	0	15	0
   110422	2026-05-21 12:09:58	1	0	15	0
   110422	2026-05-21 12:10:00	1	0	15	0
   110046	2026-05-21 12:12:20	1	1	3	0
   110425	2026-05-21 12:13:47	1	1	15	0
   110425	2026-05-21 12:13:49	1	1	15	0
   110455	2026-05-21 12:16:55	1	1	15	0
   117022	2026-05-21 12:18:05	1	1	15	0
   118024	2026-05-21 12:18:09	1	1	15	0
   110453	2026-05-21 12:18:23	1	1	15	0
   110449	2026-05-21 12:19:08	1	1	15	0
   110449	2026-05-21 12:19:10	1	1	15	0
   116137	2026-05-21 12:20:01	1	1	15	0
   116137	2026-05-21 12:20:03	1	1	15	0
   118598	2026-05-21 12:21:35	1	1	15	0
   110046	2026-05-21 12:29:57	1	0	3	0
   110425	2026-05-21 12:35:46	1	0	15	0
   110455	2026-05-21 12:35:58	1	0	15	0
   110420	2026-05-21 12:36:53	1	0	15	0
   110422	2026-05-21 12:36:57	1	0	15	0
   110422	2026-05-21 12:37:00	1	0	15	0
   118598	2026-05-21 12:37:15	1	0	15	0
   116137	2026-05-21 12:41:39	1	0	15	0
   118024	2026-05-21 12:42:02	1	0	15	0
   110439	2026-05-21 12:43:19	1	0	15	0
   110541	2026-05-21 12:49:34	1	0	15	0
   117022	2026-05-21 12:58:25	1	0	15	0
   117022	2026-05-21 12:58:27	1	0	15	0
   110444	2026-05-21 17:04:05	1	0	15	0
   110455	2026-05-21 17:04:24	1	0	15	0
   110623	2026-05-21 17:04:34	1	0	15	0
   110441	2026-05-21 17:04:39	1	0	15	0
   110425	2026-05-21 17:11:11	1	0	15	0
   110425	2026-05-21 17:11:13	1	0	15	0
   110423	2026-05-21 17:14:24	1	0	15	0
   110541	2026-05-21 17:16:04	1	0	15	0
   110420	2026-05-21 17:34:11	1	0	15	0
   110422	2026-05-21 17:34:18	1	0	15	0
   110422	2026-05-21 17:34:20	1	0	15	0
   110439	2026-05-21 17:47:13	1	0	15	0
   110439	2026-05-21 17:47:15	1	0	15	0
   110046	2026-05-21 17:48:18	1	1	3	0
   110453	2026-05-21 17:48:43	1	1	15	0
   118598	2026-05-21 18:22:55	1	1	15	0
   116137	2026-05-21 19:06:33	1	1	15	0
   117099	2026-05-21 19:06:48	1	1	15	0
   110714	2026-05-21 19:06:55	1	1	15	0
   110714	2026-05-21 19:06:57	1	1	15	0
   117022	2026-05-21 19:10:52	1	1	15	0
   117022	2026-05-21 19:10:54	1	1	15	0
   118024	2026-05-21 19:11:57	1	1	15	0
   110046	2026-05-22 06:42:23	1	0	3	0
   110425	2026-05-22 07:29:22	1	0	15	0
   110425	2026-05-22 07:29:24	1	0	15	0
   110422	2026-05-22 07:37:34	1	0	15	0
   110422	2026-05-22 07:37:36	1	0	15	0
   110444	2026-05-22 07:38:18	1	0	15	0
   110541	2026-05-22 07:38:53	1	0	15	0
   110423	2026-05-22 07:50:35	1	0	15	0
   110455	2026-05-22 07:56:39	1	0	15	0
   110441	2026-05-22 07:57:11	1	0	15	0
   110453	2026-05-22 08:00:01	1	0	15	0
   110623	2026-05-22 08:01:09	1	0	15	0
   110420	2026-05-22 08:11:41	1	0	15	0
   110439	2026-05-22 08:48:48	1	0	15	0
   110420	2026-05-22 12:01:14	1	0	15	0
   110420	2026-05-22 12:01:26	1	0	15	0
   110420	2026-05-22 12:01:28	1	0	15	0
   110422	2026-05-22 12:03:41	1	0	15	0
   110422	2026-05-22 12:03:43	1	0	15	0
   110439	2026-05-22 12:04:04	1	0	15	0
   110444	2026-05-22 12:09:02	1	0	15	0
   110455	2026-05-22 12:09:06	1	0	15	0
   110623	2026-05-22 12:09:10	1	0	15	0
   110441	2026-05-22 12:09:14	1	0	15	0
   110423	2026-05-22 12:09:55	1	0	15	0
   110453	2026-05-22 12:12:26	1	0	15	0
   110425	2026-05-22 12:12:39	1	0	15	0
   110425	2026-05-22 12:12:45	1	0	15	0
   110425	2026-05-22 12:12:47	1	0	15	0
   110422	2026-05-22 12:18:42	1	0	15	0
   110422	2026-05-22 12:18:44	1	0	15	0
   110420	2026-05-22 12:18:52	1	0	15	0
   110420	2026-05-22 12:18:54	1	0	15	0
   110425	2026-05-22 12:21:20	1	0	15	0
   110444	2026-05-22 12:28:31	1	0	15	0
   110455	2026-05-22 12:28:36	1	0	15	0
   110441	2026-05-22 12:28:52	1	0	15	0
   110441	2026-05-22 12:28:54	1	0	15	0
   110046	2026-05-22 12:29:14	1	1	3	0
   110623	2026-05-22 12:29:23	1	1	15	0
   110046	2026-05-22 12:33:14	1	0	3	0
   110423	2026-05-22 12:36:54	1	0	15	0
   110423	2026-05-22 12:36:56	1	0	15	0
   110439	2026-05-22 12:45:55	1	0	15	0
   110439	2026-05-22 12:45:57	1	0	15	0
   110453	2026-05-22 12:50:26	1	0	15	0
   110541	2026-05-22 12:52:59	1	0	15	0
   110541	2026-05-22 17:01:15	1	0	15	0
   110425	2026-05-22 17:02:25	1	0	15	0
   110444	2026-05-22 17:02:30	1	0	15	0
   110441	2026-05-22 17:02:35	1	0	15	0
   110423	2026-05-22 17:04:28	1	0	15	0
   110046	2026-05-22 17:13:13	1	1	3	0
   110453	2026-05-22 17:16:00	1	1	15	0
   110046	2026-05-24 12:47:23	1	0	3	0
   110046	2026-05-24 15:46:53	1	1	3	0
   110046	2026-05-25 06:50:35	1	0	3	0
   118598	2026-05-25 07:02:14	1	0	15	0
   118024	2026-05-25 07:08:51	1	0	15	0
   110425	2026-05-25 07:22:51	1	0	15	0
   110425	2026-05-25 07:22:53	1	0	15	0
   110714	2026-05-25 07:25:21	1	0	15	0
   110714	2026-05-25 07:25:23	1	0	15	0
   110541	2026-05-25 07:29:02	1	0	15	0
   110444	2026-05-25 07:33:02	1	0	15	0
   110422	2026-05-25 07:35:45	1	0	15	0
   116137	2026-05-25 07:49:07	1	0	15	0
   110449	2026-05-25 07:50:11	1	0	15	0
   110449	2026-05-25 07:50:13	1	0	15	0
   117022	2026-05-25 07:53:17	1	0	15	0
   117022	2026-05-25 07:53:20	1	0	15	0
   110623	2026-05-25 07:55:43	1	0	15	0
   110453	2026-05-25 08:00:12	1	0	15	0
   110438	2026-05-25 08:04:15	1	0	15	0
   110441	2026-05-25 08:05:49	1	0	15	0
   110420	2026-05-25 08:14:15	1	0	15	0
   110420	2026-05-25 08:14:17	1	0	15	0
   117099	2026-05-25 10:44:58	1	0	15	0
   110714	2026-05-25 12:01:07	1	0	15	0
   110714	2026-05-25 12:01:09	1	0	15	0
   110441	2026-05-25 12:01:38	1	0	15	0
   110453	2026-05-25 12:02:15	1	0	15	0
   110449	2026-05-25 12:03:03	1	0	15	0
   110449	2026-05-25 12:03:05	1	0	15	0
   110623	2026-05-25 12:03:13	1	0	15	0
   110541	2026-05-25 12:05:04	1	0	15	0
   118024	2026-05-25 12:06:00	1	0	15	0
   117099	2026-05-25 12:06:09	1	0	15	0
   117099	2026-05-25 12:06:11	1	0	15	0
   118598	2026-05-25 12:06:20	1	0	15	0
   117022	2026-05-25 12:06:26	1	0	15	0
   110444	2026-05-25 12:06:31	1	0	15	0
   116137	2026-05-25 12:06:51	1	0	15	0
   110438	2026-05-25 12:07:00	1	0	15	0
   110438	2026-05-25 12:07:02	1	0	15	0
   110420	2026-05-25 12:07:22	1	0	15	0
   110425	2026-05-25 12:07:35	1	0	15	0
   110623	2026-05-25 12:15:09	1	0	15	0
   110455	2026-05-25 12:17:13	1	0	15	0
   110714	2026-05-25 12:17:53	1	0	15	0
   110449	2026-05-25 12:18:20	1	0	15	0
   110449	2026-05-25 12:18:22	1	0	15	0
   118598	2026-05-25 12:23:28	1	0	15	0
   110441	2026-05-25 12:24:17	1	0	15	0
   110541	2026-05-25 12:28:01	1	0	15	0
   110425	2026-05-25 12:38:22	1	0	15	0
   110425	2026-05-25 12:38:24	1	0	15	0
   117022	2026-05-25 12:38:32	1	0	15	0
   117022	2026-05-25 12:38:34	1	0	15	0
   117022	2026-05-25 12:38:36	1	0	15	0
   110046	2026-05-25 12:39:49	1	1	3	0
   110444	2026-05-25 12:42:04	1	1	15	0
   118024	2026-05-25 12:42:11	1	1	15	0
   116137	2026-05-25 12:43:06	1	1	15	0
   117099	2026-05-25 12:43:11	1	1	15	0
   110438	2026-05-25 12:51:30	1	1	15	0
   110438	2026-05-25 12:51:32	1	1	15	0
   110453	2026-05-25 12:58:58	1	1	15	0
   110439	2026-05-25 12:59:13	1	1	15	0
   110444	2026-05-25 17:02:15	1	1	15	0
   110455	2026-05-25 17:02:45	1	1	15	0
   110623	2026-05-25 17:02:51	1	1	15	0
   110449	2026-05-25 17:04:52	1	1	15	0
   110449	2026-05-25 17:04:54	1	1	15	0
   110425	2026-05-25 17:07:35	1	1	15	0
   110420	2026-05-25 17:08:37	1	1	15	0
   110420	2026-05-25 17:08:38	1	1	15	0
   110422	2026-05-25 17:14:15	1	1	15	0
   110422	2026-05-25 17:14:17	1	1	15	0
   110441	2026-05-25 17:18:14	1	1	15	0
   110541	2026-05-25 17:30:56	1	1	15	0
   110439	2026-05-25 17:42:28	1	1	15	0
   110438	2026-05-25 17:43:02	1	1	15	0
   110438	2026-05-25 17:43:04	1	1	15	0
   110453	2026-05-25 17:50:47	1	1	15	0
   118598	2026-05-25 18:05:04	1	1	15	0
   110329	2026-05-25 18:08:17	1	1	15	0
   118024	2026-05-25 18:25:31	1	1	15	0
   110046	2026-05-25 18:28:06	1	1	3	0
   110714	2026-05-25 18:55:04	1	1	15	0
   110714	2026-05-25 18:55:06	1	1	15	0
   116137	2026-05-25 18:58:11	1	1	15	0
   117099	2026-05-25 19:03:42	1	1	15	0
   117099	2026-05-25 19:03:44	1	1	15	0
   117022	2026-05-25 19:07:17	1	1	15	0
   117022	2026-05-25 19:07:19	1	1	15	0
   110046	2026-05-26 06:45:27	1	0	3	0
   110423	2026-05-26 06:54:08	1	0	15	0
   118598	2026-05-26 06:58:46	1	0	15	0
   118598	2026-05-26 06:58:48	1	0	15	0
   110541	2026-05-26 07:20:54	1	0	15	0
   118024	2026-05-26 07:21:19	1	0	15	0
   118024	2026-05-26 07:21:21	1	0	15	0
   110422	2026-05-26 07:25:56	1	0	15	0
   110422	2026-05-26 07:25:58	1	0	15	0
   110425	2026-05-26 07:31:42	1	0	15	0
   110425	2026-05-26 07:31:44	1	0	15	0
   110444	2026-05-26 07:38:08	1	0	15	0
   117099	2026-05-26 07:44:04	1	0	15	0
   110449	2026-05-26 07:53:05	1	0	15	0
   110714	2026-05-26 07:53:38	1	0	15	0
   110714	2026-05-26 07:53:40	1	0	15	0
   110441	2026-05-26 07:54:46	1	0	15	0
   117022	2026-05-26 07:57:46	1	0	15	0
   117022	2026-05-26 07:57:48	1	0	15	0
   117022	2026-05-26 07:57:50	1	0	15	0
   110623	2026-05-26 08:05:10	1	0	15	0
   110420	2026-05-26 08:14:05	1	0	15	0
   110455	2026-05-26 08:16:08	1	0	15	0
   116137	2026-05-26 08:17:13	1	0	15	0
   110453	2026-05-26 08:20:13	1	0	15	0
   110438	2026-05-26 08:20:23	1	0	15	0
   110438	2026-05-26 08:20:29	1	0	15	0
   110438	2026-05-26 08:20:31	1	0	15	0
   110541	2026-05-26 12:02:38	1	0	15	0
   110422	2026-05-26 12:03:26	1	0	15	0
   110422	2026-05-26 12:03:28	1	0	15	0
   116137	2026-05-26 12:04:50	1	0	15	0
   116137	2026-05-26 12:04:52	1	0	15	0
   110623	2026-05-26 12:05:44	1	0	15	0
   110444	2026-05-26 12:05:49	1	0	15	0
   116137	2026-05-26 12:05:57	1	0	15	0
   116137	2026-05-26 12:05:59	1	0	15	0
   110439	2026-05-26 12:06:29	1	0	15	0
   110453	2026-05-26 12:06:47	1	0	15	0
   110441	2026-05-26 12:07:36	1	0	15	0
   110423	2026-05-26 12:08:42	1	0	15	0
   118598	2026-05-26 12:09:12	1	0	15	0
   110425	2026-05-26 12:09:59	1	0	15	0
   110449	2026-05-26 12:10:31	1	0	15	0
   110449	2026-05-26 12:10:33	1	0	15	0
   110420	2026-05-26 12:10:45	1	0	15	0
   110438	2026-05-26 12:10:52	1	0	15	0
   110623	2026-05-26 12:13:56	1	0	15	0
   118598	2026-05-26 12:15:15	1	0	15	0
   110425	2026-05-26 12:15:23	1	0	15	0
   110425	2026-05-26 12:15:25	1	0	15	0
   110444	2026-05-26 12:15:44	1	0	15	0
   110455	2026-05-26 12:18:18	1	0	15	0
   110046	2026-05-26 12:21:32	1	1	3	0
   117022	2026-05-26 12:24:35	1	1	15	0
   117022	2026-05-26 12:24:37	1	1	15	0
   118024	2026-05-26 12:24:46	1	1	15	0
   117099	2026-05-26 12:25:34	1	1	15	0
   110714	2026-05-26 12:25:39	1	1	15	0
   110714	2026-05-26 12:25:41	1	1	15	0
   116137	2026-05-26 12:27:46	1	1	15	0
   110541	2026-05-26 12:29:26	1	1	15	0
   110422	2026-05-26 12:30:13	1	1	15	0
   110422	2026-05-26 12:30:15	1	1	15	0
   118024	2026-05-26 12:32:52	1	1	15	0
   110423	2026-05-26 12:34:28	1	1	15	0
   110455	2026-05-26 12:36:05	1	1	15	0
   117099	2026-05-26 12:36:20	1	1	15	0
   110714	2026-05-26 12:36:24	1	1	15	0
   110714	2026-05-26 12:36:26	1	1	15	0
   110441	2026-05-26 12:36:29	1	1	15	0
   110441	2026-05-26 12:36:31	1	1	15	0
   117022	2026-05-26 12:37:11	1	1	15	0
   117022	2026-05-26 12:37:13	1	1	15	0
   110046	2026-05-26 12:43:48	1	0	3	0
   110420	2026-05-26 12:51:13	1	0	15	0
   110449	2026-05-26 12:51:22	1	0	15	0
   110438	2026-05-26 12:53:39	1	0	15	0
   110438	2026-05-26 12:53:41	1	0	15	0
   110453	2026-05-26 12:58:44	1	0	15	0
   110441	2026-05-26 17:01:50	1	0	15	0
   110455	2026-05-26 17:04:22	1	0	15	0
   110541	2026-05-26 17:06:33	1	0	15	0
   110422	2026-05-26 17:07:07	1	0	15	0
   110422	2026-05-26 17:07:09	1	0	15	0
   110444	2026-05-26 17:08:09	1	0	15	0
   110623	2026-05-26 17:08:29	1	0	15	0
   110453	2026-05-26 17:17:18	1	0	15	0
   110420	2026-05-26 17:17:25	1	0	15	0
   110439	2026-05-26 17:20:44	1	0	15	0
   110438	2026-05-26 17:20:55	1	0	15	0
   110438	2026-05-26 17:20:56	1	0	15	0
   110425	2026-05-26 17:29:53	1	0	15	0
   110425	2026-05-26 17:29:55	1	0	15	0
   110425	2026-05-26 17:29:56	1	0	15	0
   110329	2026-05-26 18:13:27	1	0	15	0
   118598	2026-05-26 18:14:58	1	0	15	0
   110423	2026-05-26 18:19:42	1	0	15	0
   110423	2026-05-26 18:19:44	1	0	15	0
   110449	2026-05-26 18:27:03	1	0	15	0
   110449	2026-05-26 18:27:05	1	0	15	0
   118024	2026-05-26 18:40:40	1	0	15	0
   117099	2026-05-26 18:51:23	1	0	15	0
   110714	2026-05-26 19:01:53	1	0	15	0
   110714	2026-05-26 19:01:55	1	0	15	0
   117022	2026-05-26 19:02:01	1	0	15	0
   117022	2026-05-26 19:02:03	1	0	15	0
   116137	2026-05-26 19:02:14	1	0	15	0
   110046	2026-05-26 19:52:49	1	1	3	0
   110046	2026-05-27 07:46:53	1	0	3	0
   110425	2026-05-27 07:48:13	1	0	15	0
   110046	2026-05-27 12:16:02	1	1	3	0
   110425	2026-05-27 12:19:46	1	1	15	0
   110425	2026-05-27 12:19:48	1	1	15	0
   110046	2026-05-27 12:28:24	1	0	3	0
   110425	2026-05-27 12:43:50	1	0	15	0
   110425	2026-05-27 12:43:52	1	0	15	0
   110046	2026-05-28 06:51:37	1	0	3	0
   118598	2026-05-28 06:59:44	1	0	15	0
   118598	2026-05-28 06:59:46	1	0	15	0
   118024	2026-05-28 07:14:46	1	0	15	0
   118024	2026-05-28 07:14:48	1	0	15	0
   110541	2026-05-28 07:28:40	1	0	15	0
   110423	2026-05-28 07:29:09	1	0	15	0
   110423	2026-05-28 07:29:11	1	0	15	0
   110444	2026-05-28 07:35:20	1	0	15	0
   110714	2026-05-28 07:36:50	1	0	15	0
   110714	2026-05-28 07:36:51	1	0	15	0
   110422	2026-05-28 07:38:01	1	0	15	0
   110422	2026-05-28 07:38:03	1	0	15	0
   110455	2026-05-28 07:47:01	1	0	15	0
   110425	2026-05-28 07:50:11	1	0	15	0
   110425	2026-05-28 07:50:13	1	0	15	0
   110453	2026-05-28 07:50:48	1	0	15	0
   110441	2026-05-28 07:53:11	1	0	15	0
   110420	2026-05-28 07:57:11	1	0	15	0
   110420	2026-05-28 07:57:12	1	0	15	0
   110623	2026-05-28 08:00:26	1	0	15	0
   110449	2026-05-28 08:01:15	1	0	15	0
   110449	2026-05-28 08:01:17	1	0	15	0
   117022	2026-05-28 08:11:57	1	0	15	0
   117022	2026-05-28 08:11:59	1	0	15	0
   110438	2026-05-28 08:13:15	1	0	15	0
   110438	2026-05-28 08:13:17	1	0	15	0
   116137	2026-05-28 08:19:39	1	0	15	0
   110439	2026-05-28 09:01:05	1	0	15	0
   110444	2026-05-28 12:00:53	1	0	15	0
   110623	2026-05-28 12:01:12	1	0	15	0
   110455	2026-05-28 12:01:36	1	0	15	0
   118024	2026-05-28 12:03:29	1	0	15	0
   110714	2026-05-28 12:03:49	1	0	15	0
   110714	2026-05-28 12:03:51	1	0	15	0
   110425	2026-05-28 12:04:25	1	0	15	0
   110425	2026-05-28 12:04:27	1	0	15	0
   118598	2026-05-28 12:04:47	1	0	15	0
   118598	2026-05-28 12:04:49	1	0	15	0
   110441	2026-05-28 12:04:53	1	0	15	0
   116137	2026-05-28 12:05:02	1	0	15	0
   110422	2026-05-28 12:05:07	1	0	15	0
   110422	2026-05-28 12:05:09	1	0	15	0
   110423	2026-05-28 12:05:18	1	0	15	0
   117022	2026-05-28 12:05:23	1	0	15	0
   117022	2026-05-28 12:05:26	1	0	15	0
   110439	2026-05-28 12:05:31	1	0	15	0
   110623	2026-05-28 12:06:44	1	0	15	0
   110449	2026-05-28 12:06:50	1	0	15	0
   110420	2026-05-28 12:07:01	1	0	15	0
   110438	2026-05-28 12:07:09	1	0	15	0
   110455	2026-05-28 12:07:15	1	0	15	0
   110425	2026-05-28 12:11:35	1	0	15	0
   110444	2026-05-28 12:14:34	1	0	15	0
   110441	2026-05-28 12:15:12	1	0	15	0
   110453	2026-05-28 12:16:40	1	0	15	0
   116137	2026-05-28 12:20:43	1	0	15	0
   118598	2026-05-28 12:21:36	1	0	15	0
   110422	2026-05-28 12:23:02	1	0	15	0
   110422	2026-05-28 12:23:04	1	0	15	0
   110541	2026-05-28 12:24:42	1	0	15	0
   110714	2026-05-28 12:27:23	1	0	15	0
   110714	2026-05-28 12:27:25	1	0	15	0
   110423	2026-05-28 12:34:35	1	0	15	0
   110423	2026-05-28 12:34:37	1	0	15	0
   110046	2026-05-28 12:35:40	1	1	3	0
   118024	2026-05-28 12:36:57	1	1	15	0
   118024	2026-05-28 12:36:59	1	1	15	0
   117022	2026-05-28 12:39:02	1	1	15	0
   117022	2026-05-28 12:39:03	1	1	15	0
   110438	2026-05-28 12:49:19	1	1	15	0
   110438	2026-05-28 12:49:21	1	1	15	0
   110439	2026-05-28 12:50:47	1	1	15	0
   110541	2026-05-28 12:51:13	1	1	15	0
   110449	2026-05-28 12:52:59	1	1	15	0
   110449	2026-05-28 12:53:01	1	1	15	0
   110420	2026-05-28 12:54:03	1	1	15	0
   110453	2026-05-28 12:58:25	1	1	15	0
   110453	2026-05-28 12:58:27	1	1	15	0
   110444	2026-05-28 17:02:16	1	1	15	0
   110455	2026-05-28 17:03:00	1	1	15	0
   110449	2026-05-28 17:05:20	1	1	15	0
   110449	2026-05-28 17:05:22	1	1	15	0
   110623	2026-05-28 17:26:32	1	1	15	0
   110420	2026-05-28 17:34:36	1	1	15	0
   110422	2026-05-28 17:34:42	1	1	15	0
   110422	2026-05-28 17:34:44	1	1	15	0
   110541	2026-05-28 17:36:56	1	1	15	0
   110441	2026-05-28 17:40:59	1	1	15	0
   110453	2026-05-28 17:46:10	1	1	15	0
   110438	2026-05-28 17:47:17	1	1	15	0
   110438	2026-05-28 17:47:19	1	1	15	0
   110439	2026-05-28 17:47:29	1	1	15	0
   110439	2026-05-28 17:47:31	1	1	15	0
   118598	2026-05-28 18:15:28	1	1	15	0
   110329	2026-05-28 18:25:39	1	1	15	0
   110423	2026-05-28 18:36:38	1	1	15	0
   110046	2026-05-28 18:38:10	1	1	3	0
   110714	2026-05-28 18:47:30	1	1	15	0
   110714	2026-05-28 18:47:32	1	1	15	0
   110425	2026-05-28 18:55:28	1	1	15	0
   110425	2026-05-28 18:55:35	1	1	15	0
   117022	2026-05-28 19:06:46	1	1	15	0
   117022	2026-05-28 19:06:54	1	1	15	0
   116137	2026-05-28 19:11:40	1	1	15	0
   118024	2026-05-28 19:17:29	1	1	15	0
   110046	2026-05-29 07:03:06	1	0	3	0
   110422	2026-05-29 07:32:36	1	0	15	0
   110422	2026-05-29 07:32:38	1	0	15	0
   110541	2026-05-29 07:32:48	1	0	15	0
   110541	2026-05-29 07:32:50	1	0	15	0
   110455	2026-05-29 07:48:33	1	0	15	0
   110441	2026-05-29 07:50:43	1	0	15	0
   110623	2026-05-29 07:54:55	1	0	15	0
   110425	2026-05-29 07:55:28	1	0	15	0
   110425	2026-05-29 07:55:29	1	0	15	0
   110449	2026-05-29 07:55:39	1	0	15	0
   110449	2026-05-29 07:55:41	1	0	15	0
   110420	2026-05-29 07:57:25	1	0	15	0
   110420	2026-05-29 07:57:27	1	0	15	0
   110453	2026-05-29 08:08:08	1	0	15	0
   110453	2026-05-29 08:08:10	1	0	15	0
   110438	2026-05-29 08:20:59	1	0	15	0
   110438	2026-05-29 08:21:01	1	0	15	0
   110439	2026-05-29 08:29:26	1	0	15	0
   110541	2026-05-29 12:01:05	1	0	15	0
   110441	2026-05-29 12:02:12	1	0	15	0
   110425	2026-05-29 12:02:18	1	0	15	0
   110455	2026-05-29 12:03:07	1	0	15	0
   110453	2026-05-29 12:03:24	1	0	15	0
   110623	2026-05-29 12:03:45	1	0	15	0
   110438	2026-05-29 12:04:43	1	0	15	0
   110438	2026-05-29 12:04:45	1	0	15	0
   110439	2026-05-29 12:04:50	1	0	15	0
   110422	2026-05-29 12:08:18	1	0	15	0
   110422	2026-05-29 12:08:20	1	0	15	0
   110420	2026-05-29 12:08:24	1	0	15	0
   110623	2026-05-29 12:12:37	1	0	15	0
   110449	2026-05-29 12:12:47	1	0	15	0
   110046	2026-05-29 12:13:09	1	1	3	0
   110455	2026-05-29 12:19:28	1	1	15	0
   110444	2026-05-29 12:28:08	1	1	15	0
   110425	2026-05-29 12:29:36	1	1	15	0
   110425	2026-05-29 12:29:38	1	1	15	0
   110541	2026-05-29 12:30:53	1	1	15	0
   110441	2026-05-29 12:38:23	1	1	15	0
   110046	2026-05-29 12:39:39	1	0	3	0
   110438	2026-05-29 12:42:17	1	0	15	0
   110438	2026-05-29 12:42:18	1	0	15	0
   110422	2026-05-29 12:45:15	1	0	15	0
   110422	2026-05-29 12:45:17	1	0	15	0
   110420	2026-05-29 12:45:22	1	0	15	0
   110439	2026-05-29 12:48:12	1	0	15	0
   110439	2026-05-29 12:48:15	1	0	15	0
   110453	2026-05-29 12:58:51	1	0	15	0
   110541	2026-05-29 17:03:32	1	0	15	0
   110420	2026-05-29 17:04:21	1	0	15	0
   110420	2026-05-29 17:04:23	1	0	15	0
   110623	2026-05-29 17:08:47	1	0	15	0
   110438	2026-05-29 17:13:20	1	0	15	0
   110439	2026-05-29 17:13:25	1	0	15	0
   110455	2026-05-29 17:14:27	1	0	15	0
   110444	2026-05-29 17:14:35	1	0	15	0
   110453	2026-05-29 17:20:23	1	0	15	0
   110425	2026-05-29 17:29:42	1	0	15	0
   110425	2026-05-29 17:29:44	1	0	15	0
   110046	2026-05-29 17:54:57	1	1	3	0
